,timestamp1,dividend_amount1,vol_pct_mean1,dividend_amount2,vol_pct_mean2,dividend_amount3,vol_pct_mean3,dividend_amount4,vol_pct_mean4,dividend_amount5,vol_pct_mean5,open6,high6,low6,close6,adjusted_close6,dividend_amount6,vol_pct_mean6,timestamp7,open7,high7,low7,close7,adjusted_close7,dividend_amount7,vol_pct_mean7,open_dir1,open_trend1,high_trend1,low_trend1,close_trend1,body_type1,top_tail1,bot_tail1,open_dir2,open_trend2,high_trend2,low_trend2,close_trend2,body_type2,top_tail2,bot_tail2,open_dir3,open_trend3,high_trend3,low_trend3,close_trend3,body_type3,top_tail3,bot_tail3,open_dir4,open_trend4,high_trend4,low_trend4,close_trend4,body_type4,top_tail4,bot_tail4,open_dir5,open_trend5,high_trend5,low_trend5,close_trend5,body_type5,top_tail5,bot_tail5,label,symbol
0,2019-02-11,0.0,0.7092569547436234,0.0,0.6722467331074337,0.0,0.8871627164917673,0.0,0.6378245036682332,0.0,0.6529901883743962,103.86,105.0,103.56,104.94,104.94,0.0,0.7295355840857998,2019-02-01,105.11,105.51,103.78,103.83,103.83,0.0,0.6201422718241079,1.0018337998262716,1.004451325720921,1.003366355679523,0.9999511837930193,1.0018337998262716,0.995568400770713,1.0050096339113679,1.0089826205819177,0.9952807473755177,0.9924133294919812,0.9874631968847943,0.9932602792862684,0.9952807473755177,1.0026127346622797,1.003474568091883,1.0089333658774713,0.9892646779403381,0.9904879672786074,0.9956501182033097,0.9861949915601524,0.9892646779403381,0.9971189858830308,1.011139921252281,1.0068851823118696,0.9977223118534686,1.0024792600362353,1.0022746659084447,1.0007034165948896,0.9977223118534686,1.001236564253781,1.0046551396541896,1.0054177604996006,0.9993329521631409,1.0097246293086848,1.004857142857143,1.0089803012746232,0.9993329521631409,1.004767807761991,1.00132865141881,1.0036367116470477,UP,SJM
1,2019-02-08,0.0,0.6722467331074337,0.0,0.8871627164917673,0.0,0.6378245036682332,0.0,0.6529901883743962,0.0,0.7295355840857998,105.11,105.51,103.78,103.83,103.83,0.0,0.6201422718241079,2019-01-31,103.25,105.28,102.85,104.88,104.88,0.0,0.7822233732628282,0.9952807473755177,0.9924133294919812,0.9874631968847943,0.9932602792862684,0.9952807473755177,1.0026127346622797,1.003474568091883,1.0089333658774713,0.9892646779403381,0.9904879672786074,0.9956501182033097,0.9861949915601524,0.9892646779403381,0.9971189858830308,1.011139921252281,1.0068851823118696,0.9977223118534686,1.0024792600362353,1.0022746659084447,1.0007034165948896,0.9977223118534686,1.001236564253781,1.0046551396541896,1.0054177604996006,0.9993329521631409,1.0097246293086848,1.004857142857143,1.0089803012746232,0.9993329521631409,1.004767807761991,1.00132865141881,1.0036367116470477,1.000288933834152,0.9881076966986966,0.995166334944555,0.9978801310464445,1.000288933834152,1.0103986135181975,1.0005717552887365,1.0028968713789108,DOWN,SJM
2,2019-02-07,0.0,0.8871627164917673,0.0,0.6378245036682332,0.0,0.6529901883743962,0.0,0.7295355840857998,0.0,0.6201422718241079,103.25,105.28,102.85,104.88,104.88,0.0,0.7822233732628282,2019-01-30,103.4,104.12,102.82,103.48,103.48,0.0,0.35597878898742163,0.9892646779403381,0.9904879672786074,0.9956501182033097,0.9861949915601524,0.9892646779403381,0.9971189858830308,1.011139921252281,1.0068851823118696,0.9977223118534686,1.0024792600362353,1.0022746659084447,1.0007034165948896,0.9977223118534686,1.001236564253781,1.0046551396541896,1.0054177604996006,0.9993329521631409,1.0097246293086848,1.004857142857143,1.0089803012746232,0.9993329521631409,1.004767807761991,1.00132865141881,1.0036367116470477,1.000288933834152,0.9881076966986966,0.995166334944555,0.9978801310464445,1.000288933834152,1.0103986135181975,1.0005717552887365,1.0028968713789108,1.0021929824561404,1.0180145278450363,1.002184650455927,1.009042294603792,1.0021929824561404,0.9878222814194653,1.0038055370564172,1.0004817883985353,DOWN,SJM
3,2019-02-06,0.0,0.6378245036682332,0.0,0.6529901883743962,0.0,0.7295355840857998,0.0,0.6201422718241079,0.0,0.7822233732628282,103.4,104.12,102.82,103.48,103.48,0.0,0.35597878898742163,2019-01-29,102.77,103.6,102.76,103.25,103.25,0.0,0.4870661832901304,0.9977223118534686,1.0024792600362353,1.0022746659084447,1.0007034165948896,0.9977223118534686,1.001236564253781,1.0046551396541896,1.0054177604996006,0.9993329521631409,1.0097246293086848,1.004857142857143,1.0089803012746232,0.9993329521631409,1.004767807761991,1.00132865141881,1.0036367116470477,1.000288933834152,0.9881076966986966,0.995166334944555,0.9978801310464445,1.000288933834152,1.0103986135181975,1.0005717552887365,1.0028968713789108,1.0021929824561404,1.0180145278450363,1.002184650455927,1.009042294603792,1.0021929824561404,0.9878222814194653,1.0038055370564172,1.0004817883985353,0.9977773482798608,0.9985493230174081,1.0111409911640414,1.0002917720287883,0.9977773482798608,1.0157869249394673,1.003813882532418,1.003889158969373,DOWN,SJM
4,2019-02-05,0.0,0.6529901883743962,0.0,0.7295355840857998,0.0,0.6201422718241079,0.0,0.7822233732628282,0.0,0.35597878898742163,102.77,103.6,102.76,103.25,103.25,0.0,0.4870661832901304,2019-01-28,101.59,102.87,101.01,102.87,102.87,0.0,0.7900142468171941,0.9993329521631409,1.0097246293086848,1.004857142857143,1.0089803012746232,0.9993329521631409,1.004767807761991,1.00132865141881,1.0036367116470477,1.000288933834152,0.9881076966986966,0.995166334944555,0.9978801310464445,1.000288933834152,1.0103986135181975,1.0005717552887365,1.0028968713789108,1.0021929824561404,1.0180145278450363,1.002184650455927,1.009042294603792,1.0021929824561404,0.9878222814194653,1.0038055370564172,1.0004817883985353,0.9977773482798608,0.9985493230174081,1.0111409911640414,1.0002917720287883,0.9977773482798608,1.0157869249394673,1.003813882532418,1.003889158969373,1.001452784503632,1.0061301936362752,1.005019305019305,1.0005838847800699,1.001452784503632,1.0007736943907157,1.0061847700038655,1.0056409258899048,DOWN,SJM
5,2019-02-04,0.0,0.7295355840857998,0.0,0.6201422718241079,0.0,0.7822233732628282,0.0,0.35597878898742163,0.0,0.4870661832901304,101.59,102.87,101.01,102.87,102.87,0.0,0.7900142468171941,2019-01-25,102.0,102.93,101.28,101.44,101.44,0.0,0.5474801252033474,1.000288933834152,0.9881076966986966,0.995166334944555,0.9978801310464445,1.000288933834152,1.0103986135181975,1.0005717552887365,1.0028968713789108,1.0021929824561404,1.0180145278450363,1.002184650455927,1.009042294603792,1.0021929824561404,0.9878222814194653,1.0038055370564172,1.0004817883985353,0.9977773482798608,0.9985493230174081,1.0111409911640414,1.0002917720287883,0.9977773482798608,1.0157869249394673,1.003813882532418,1.003889158969373,1.001452784503632,1.0061301936362752,1.005019305019305,1.0005838847800699,1.001452784503632,1.0007736943907157,1.0061847700038655,1.0056409258899048,0.9990278992903664,1.0116153164681563,1.0070963351803246,1.0173250173250172,0.9990278992903664,1.0046706237228764,1.0033898305084745,1.0000973141300116,UP,SJM
6,2019-02-01,0.0,0.6201422718241079,0.0,0.7822233732628282,0.0,0.35597878898742163,0.0,0.4870661832901304,0.0,0.7900142468171941,102.0,102.93,101.28,101.44,101.44,0.0,0.5474801252033474,2019-01-24,102.71,103.29,100.91,101.77,101.77,0.0,0.7101184981024782,1.0021929824561404,1.0180145278450363,1.002184650455927,1.009042294603792,1.0021929824561404,0.9878222814194653,1.0038055370564172,1.0004817883985353,0.9977773482798608,0.9985493230174081,1.0111409911640414,1.0002917720287883,0.9977773482798608,1.0157869249394673,1.003813882532418,1.003889158969373,1.001452784503632,1.0061301936362752,1.005019305019305,1.0005838847800699,1.001452784503632,1.0007736943907157,1.0061847700038655,1.0056409258899048,0.9990278992903664,1.0116153164681563,1.0070963351803246,1.0173250173250172,0.9990278992903664,1.0046706237228764,1.0033898305084745,1.0000973141300116,1.0014787066246058,0.9959803921568627,0.9994170795686389,0.9973341232227488,1.0014787066246058,1.01259966532139,1.0,1.0057420057420057,UP,SJM
7,2019-01-31,0.0,0.7822233732628282,0.0,0.35597878898742163,0.0,0.4870661832901304,0.0,0.7900142468171941,0.0,0.5474801252033474,102.71,103.29,100.91,101.77,101.77,0.0,0.7101184981024782,2019-01-23,104.97,105.29,103.2,104.19,104.19,0.0,0.7571041310390471,0.9977773482798608,0.9985493230174081,1.0111409911640414,1.0002917720287883,0.9977773482798608,1.0157869249394673,1.003813882532418,1.003889158969373,1.001452784503632,1.0061301936362752,1.005019305019305,1.0005838847800699,1.001452784503632,1.0007736943907157,1.0061847700038655,1.0056409258899048,0.9990278992903664,1.0116153164681563,1.0070963351803246,1.0173250173250172,0.9990278992903664,1.0046706237228764,1.0033898305084745,1.0000973141300116,1.0014787066246058,0.9959803921568627,0.9994170795686389,0.9973341232227488,1.0014787066246058,1.01259966532139,1.0,1.0057420057420057,1.0022599980347844,0.9930873332684257,0.996514667441185,1.0036666336339313,1.0022599980347844,0.9945098039215686,1.0091176470588237,1.0015797788309637,DOWN,SJM
8,2019-01-30,0.0,0.35597878898742163,0.0,0.4870661832901304,0.0,0.7900142468171941,0.0,0.5474801252033474,0.0,0.7101184981024782,104.97,105.29,103.2,104.19,104.19,0.0,0.7571041310390471,2019-01-22,104.86,105.07,102.97,104.99,104.99,0.0,0.6355298564783077,1.001452784503632,1.0061301936362752,1.005019305019305,1.0005838847800699,1.001452784503632,1.0007736943907157,1.0061847700038655,1.0056409258899048,0.9990278992903664,1.0116153164681563,1.0070963351803246,1.0173250173250172,0.9990278992903664,1.0046706237228764,1.0033898305084745,1.0000973141300116,1.0014787066246058,0.9959803921568627,0.9994170795686389,0.9973341232227488,1.0014787066246058,1.01259966532139,1.0,1.0057420057420057,1.0022599980347844,0.9930873332684257,0.996514667441185,1.0036666336339313,1.0022599980347844,0.9945098039215686,1.0091176470588237,1.0015797788309637,0.985795181879259,0.9784700390587786,0.98100484376484,0.9778100775193798,0.985795181879259,0.9908480186934087,1.0056469671891735,1.008522445743732,UP,SJM
9,2019-01-29,0.0,0.4870661832901304,0.0,0.7900142468171941,0.0,0.5474801252033474,0.0,0.7101184981024782,0.0,0.7571041310390471,104.86,105.07,102.97,104.99,104.99,0.0,0.6355298564783077,2019-01-18,104.29,105.09,103.8,104.79,104.79,0.0,0.7866790233557933,0.9990278992903664,1.0116153164681563,1.0070963351803246,1.0173250173250172,0.9990278992903664,1.0046706237228764,1.0033898305084745,1.0000973141300116,1.0014787066246058,0.9959803921568627,0.9994170795686389,0.9973341232227488,1.0014787066246058,1.01259966532139,1.0,1.0057420057420057,1.0022599980347844,0.9930873332684257,0.996514667441185,1.0036666336339313,1.0022599980347844,0.9945098039215686,1.0091176470588237,1.0015797788309637,0.985795181879259,0.9784700390587786,0.98100484376484,0.9778100775193798,0.985795181879259,0.9908480186934087,1.0056469671891735,1.008522445743732,0.9998095056672064,1.0010490177379363,1.002093842200438,1.0022336602894046,0.9998095056672064,0.9925693055158616,1.0030484900447747,1.009593023255814,DOWN,SJM
10,2019-01-28,0.0,0.7900142468171941,0.0,0.5474801252033474,0.0,0.7101184981024782,0.0,0.7571041310390471,0.0,0.6355298564783077,104.29,105.09,103.8,104.79,104.79,0.0,0.7866790233557933,2019-01-17,103.32,104.54,102.77,104.18,104.18,0.0,0.3943195697817256,1.0014787066246058,0.9959803921568627,0.9994170795686389,0.9973341232227488,1.0014787066246058,1.01259966532139,1.0,1.0057420057420057,1.0022599980347844,0.9930873332684257,0.996514667441185,1.0036666336339313,1.0022599980347844,0.9945098039215686,1.0091176470588237,1.0015797788309637,0.985795181879259,0.9784700390587786,0.98100484376484,0.9778100775193798,0.985795181879259,0.9908480186934087,1.0056469671891735,1.008522445743732,0.9998095056672064,1.0010490177379363,1.002093842200438,1.0022336602894046,0.9998095056672064,0.9925693055158616,1.0030484900447747,1.009593023255814,1.0006680026720107,1.0054655288138843,0.999809686935008,0.9920038535645472,1.0006680026720107,1.001239748235743,1.0007619773311744,1.0183548606390211,UP,SJM
11,2019-01-25,0.0,0.5474801252033474,0.0,0.7101184981024782,0.0,0.7571041310390471,0.0,0.6355298564783077,0.0,0.7866790233557933,103.32,104.54,102.77,104.18,104.18,0.0,0.3943195697817256,2019-01-16,103.16,103.78,102.59,103.23,103.23,0.0,0.5507447441358274,1.0022599980347844,0.9930873332684257,0.996514667441185,1.0036666336339313,1.0022599980347844,0.9945098039215686,1.0091176470588237,1.0015797788309637,0.985795181879259,0.9784700390587786,0.98100484376484,0.9778100775193798,0.985795181879259,0.9908480186934087,1.0056469671891735,1.008522445743732,0.9998095056672064,1.0010490177379363,1.002093842200438,1.0022336602894046,0.9998095056672064,0.9925693055158616,1.0030484900447747,1.009593023255814,1.0006680026720107,1.0054655288138843,0.999809686935008,0.9920038535645472,1.0006680026720107,1.001239748235743,1.0007619773311744,1.0183548606390211,1.0010558648492993,1.0093883081687962,1.0052611440596901,1.0100223800720054,1.0010558648492993,1.004794323520951,1.0028628685943315,1.0047206165703277,UP,SJM
12,2019-01-24,0.0,0.7101184981024782,0.0,0.7571041310390471,0.0,0.6355298564783077,0.0,0.7866790233557933,0.0,0.3943195697817256,103.16,103.78,102.59,103.23,103.23,0.0,0.5507447441358274,2019-01-15,102.63,103.405,102.21,103.17,103.17,0.0,0.634206021561043,0.985795181879259,0.9784700390587786,0.98100484376484,0.9778100775193798,0.985795181879259,0.9908480186934087,1.0056469671891735,1.008522445743732,0.9998095056672064,1.0010490177379363,1.002093842200438,1.0022336602894046,0.9998095056672064,0.9925693055158616,1.0030484900447747,1.009593023255814,1.0006680026720107,1.0054655288138843,0.999809686935008,0.9920038535645472,1.0006680026720107,1.001239748235743,1.0007619773311744,1.0183548606390211,1.0010558648492993,1.0093883081687962,1.0052611440596901,1.0100223800720054,1.0010558648492993,1.004794323520951,1.0028628685943315,1.0047206165703277,1.0008718395815168,1.0015509887553316,1.0073231836577377,1.001754556974364,1.0008718395815168,1.0083236546651182,1.003455557688616,1.005351756349129,DOWN,SJM
13,2019-01-23,0.0,0.7571041310390471,0.0,0.6355298564783077,0.0,0.7866790233557933,0.0,0.3943195697817256,0.0,0.5507447441358274,102.63,103.405,102.21,103.17,103.17,0.0,0.634206021561043,2019-01-14,101.94,102.84,101.53,102.63,102.63,0.0,0.8185729382355448,0.9998095056672064,1.0010490177379363,1.002093842200438,1.0022336602894046,0.9998095056672064,0.9925693055158616,1.0030484900447747,1.009593023255814,1.0006680026720107,1.0054655288138843,0.999809686935008,0.9920038535645472,1.0006680026720107,1.001239748235743,1.0007619773311744,1.0183548606390211,1.0010558648492993,1.0093883081687962,1.0052611440596901,1.0100223800720054,1.0010558648492993,1.004794323520951,1.0028628685943315,1.0047206165703277,1.0008718395815168,1.0015509887553316,1.0073231836577377,1.001754556974364,1.0008718395815168,1.0083236546651182,1.003455557688616,1.005351756349129,0.9999030725986235,1.0051641820130566,1.003626517092984,1.0037178358281968,0.9999030725986235,1.0006785575804575,1.005327908553715,1.0055560970854858,DOWN,SJM
14,2019-01-22,0.0,0.6355298564783077,0.0,0.7866790233557933,0.0,0.3943195697817256,0.0,0.5507447441358274,0.0,0.634206021561043,101.94,102.84,101.53,102.63,102.63,0.0,0.8185729382355448,2019-01-11,101.71,102.42,100.955,102.19,102.19,0.0,0.6042352395642766,1.0006680026720107,1.0054655288138843,0.999809686935008,0.9920038535645472,1.0006680026720107,1.001239748235743,1.0007619773311744,1.0183548606390211,1.0010558648492993,1.0093883081687962,1.0052611440596901,1.0100223800720054,1.0010558648492993,1.004794323520951,1.0028628685943315,1.0047206165703277,1.0008718395815168,1.0015509887553316,1.0073231836577377,1.001754556974364,1.0008718395815168,1.0083236546651182,1.003455557688616,1.005351756349129,0.9999030725986235,1.0051641820130566,1.003626517092984,1.0037178358281968,0.9999030725986235,1.0006785575804575,1.005327908553715,1.0055560970854858,1.0,1.0067686874632136,1.0054939712174251,1.0066975278242882,1.0,1.0052616194095294,1.0022777939323446,1.004109186968007,UP,SJM
15,2019-01-18,0.0,0.7866790233557933,0.0,0.3943195697817256,0.0,0.5507447441358274,0.0,0.634206021561043,0.0,0.8185729382355448,101.71,102.42,100.955,102.19,102.19,0.0,0.6042352395642766,2019-01-10,99.66,101.61,99.36,101.48,101.48,0.0,0.6434888360539136,1.0010558648492993,1.0093883081687962,1.0052611440596901,1.0100223800720054,1.0010558648492993,1.004794323520951,1.0028628685943315,1.0047206165703277,1.0008718395815168,1.0015509887553316,1.0073231836577377,1.001754556974364,1.0008718395815168,1.0083236546651182,1.003455557688616,1.005351756349129,0.9999030725986235,1.0051641820130566,1.003626517092984,1.0037178358281968,0.9999030725986235,1.0006785575804575,1.005327908553715,1.0055560970854858,1.0,1.0067686874632136,1.0054939712174251,1.0066975278242882,1.0,1.0052616194095294,1.0022777939323446,1.004109186968007,0.9975535766709072,1.0022613312358668,1.004100761570006,1.0056956069535932,0.9975535766709072,1.0067686874632136,1.0020461853259282,1.004038215305821,UP,SJM
16,2019-01-17,0.0,0.3943195697817256,0.0,0.5507447441358274,0.0,0.634206021561043,0.0,0.8185729382355448,0.0,0.6042352395642766,99.66,101.61,99.36,101.48,101.48,0.0,0.6434888360539136,2019-01-09,99.62,99.98,98.61,99.68,99.68,0.0,0.9222035760891308,1.0008718395815168,1.0015509887553316,1.0073231836577377,1.001754556974364,1.0008718395815168,1.0083236546651182,1.003455557688616,1.005351756349129,0.9999030725986235,1.0051641820130566,1.003626517092984,1.0037178358281968,0.9999030725986235,1.0006785575804575,1.005327908553715,1.0055560970854858,1.0,1.0067686874632136,1.0054939712174251,1.0066975278242882,1.0,1.0052616194095294,1.0022777939323446,1.004109186968007,0.9975535766709072,1.0022613312358668,1.004100761570006,1.0056956069535932,0.9975535766709072,1.0067686874632136,1.0020461853259282,1.004038215305821,1.0022664564446195,1.0205699377884807,1.007971656333038,1.016052737520129,1.0022664564446195,1.0047192999705044,1.0022507094627655,1.0074785795651529,UP,SJM
17,2019-01-16,0.0,0.5507447441358274,0.0,0.634206021561043,0.0,0.8185729382355448,0.0,0.6042352395642766,0.0,0.6434888360539136,99.62,99.98,98.61,99.68,99.68,0.0,0.9222035760891308,2019-01-08,97.84,99.985,97.5565,99.68,99.68,0.0,1.0207607742216949,0.9999030725986235,1.0051641820130566,1.003626517092984,1.0037178358281968,0.9999030725986235,1.0006785575804575,1.005327908553715,1.0055560970854858,1.0,1.0067686874632136,1.0054939712174251,1.0066975278242882,1.0,1.0052616194095294,1.0022777939323446,1.004109186968007,0.9975535766709072,1.0022613312358668,1.004100761570006,1.0056956069535932,0.9975535766709072,1.0067686874632136,1.0020461853259282,1.004038215305821,1.0022664564446195,1.0205699377884807,1.007971656333038,1.016052737520129,1.0022664564446195,1.0047192999705044,1.0022507094627655,1.0074785795651529,0.9997993579454253,1.0004015257980325,1.0163032606521303,1.0076057195010648,0.9997993579454253,1.0182620911097733,1.0012810405991328,1.0030193236714975,DOWN,SJM
18,2019-01-15,0.0,0.634206021561043,0.0,0.8185729382355448,0.0,0.6042352395642766,0.0,0.6434888360539136,0.0,0.9222035760891308,97.84,99.985,97.5565,99.68,99.68,0.0,1.0207607742216949,2019-01-07,95.4,97.66,94.51,97.17,97.17,0.0,0.7883609240982992,1.0,1.0067686874632136,1.0054939712174251,1.0066975278242882,1.0,1.0052616194095294,1.0022777939323446,1.004109186968007,0.9975535766709072,1.0022613312358668,1.004100761570006,1.0056956069535932,0.9975535766709072,1.0067686874632136,1.0020461853259282,1.004038215305821,1.0022664564446195,1.0205699377884807,1.007971656333038,1.016052737520129,1.0022664564446195,1.0047192999705044,1.0022507094627655,1.0074785795651529,0.9997993579454253,1.0004015257980325,1.0163032606521303,1.0076057195010648,0.9997993579454253,1.0182620911097733,1.0012810405991328,1.0030193236714975,0.9993980738362761,1.018192968111202,0.9999499924988748,1.0107988703981796,0.9993980738362761,1.0006022886970487,1.0030096308186196,1.0102423689281006,FLAT,SJM
19,2019-01-14,0.0,0.8185729382355448,0.0,0.6042352395642766,0.0,0.6434888360539136,0.0,0.9222035760891308,0.0,1.0207607742216949,95.4,97.66,94.51,97.17,97.17,0.0,0.7883609240982992,2019-01-04,94.77,96.18,94.09,95.88,95.88,0.0,1.1611780527032214,0.9975535766709072,1.0022613312358668,1.004100761570006,1.0056956069535932,0.9975535766709072,1.0067686874632136,1.0020461853259282,1.004038215305821,1.0022664564446195,1.0205699377884807,1.007971656333038,1.016052737520129,1.0022664564446195,1.0047192999705044,1.0022507094627655,1.0074785795651529,0.9997993579454253,1.0004015257980325,1.0163032606521303,1.0076057195010648,0.9997993579454253,1.0182620911097733,1.0012810405991328,1.0030193236714975,0.9993980738362761,1.018192968111202,0.9999499924988748,1.0107988703981796,0.9993980738362761,1.0006022886970487,1.0030096308186196,1.0102423689281006,1.0068951322424617,1.0255765199161426,1.023807085807905,1.0322346841604062,1.0068951322424617,1.01880621422731,1.0030597913322632,1.0029060083131314,DOWN,SJM
20,2019-01-11,0.0,0.6042352395642766,0.0,0.6434888360539136,0.0,0.9222035760891308,0.0,1.0207607742216949,0.0,0.7883609240982992,94.77,96.18,94.09,95.88,95.88,0.0,1.1611780527032214,2019-01-03,93.39,96.2085,93.33,94.59,94.59,0.0,1.5281417296485682,1.0022664564446195,1.0205699377884807,1.007971656333038,1.016052737520129,1.0022664564446195,1.0047192999705044,1.0022507094627655,1.0074785795651529,0.9997993579454253,1.0004015257980325,1.0163032606521303,1.0076057195010648,0.9997993579454253,1.0182620911097733,1.0012810405991328,1.0030193236714975,0.9993980738362761,1.018192968111202,0.9999499924988748,1.0107988703981796,0.9993980738362761,1.0006022886970487,1.0030096308186196,1.0102423689281006,1.0068951322424617,1.0255765199161426,1.023807085807905,1.0322346841604062,1.0068951322424617,1.01880621422731,1.0030597913322632,1.0029060083131314,0.9949937421777223,1.0066476733143401,1.015387814514452,1.0044638112445532,0.9949937421777223,1.018553459119497,1.0050427086549345,1.009416992910803,UP,SJM
21,2019-01-10,0.0,0.6434888360539136,0.0,0.9222035760891308,0.0,1.0207607742216949,0.0,0.7883609240982992,0.0,1.1611780527032214,93.39,96.2085,93.33,94.59,94.59,0.0,1.5281417296485682,2019-01-02,93.08,94.52,91.95,93.88,93.88,0.0,0.8667193432487756,0.9997993579454253,1.0004015257980325,1.0163032606521303,1.0076057195010648,0.9997993579454253,1.0182620911097733,1.0012810405991328,1.0030193236714975,0.9993980738362761,1.018192968111202,0.9999499924988748,1.0107988703981796,0.9993980738362761,1.0006022886970487,1.0030096308186196,1.0102423689281006,1.0068951322424617,1.0255765199161426,1.023807085807905,1.0322346841604062,1.0068951322424617,1.01880621422731,1.0030597913322632,1.0029060083131314,0.9949937421777223,1.0066476733143401,1.015387814514452,1.0044638112445532,0.9949937421777223,1.018553459119497,1.0050427086549345,1.009416992910803,1.0019029495718363,1.014776742691937,0.999703768378054,1.0081431479695704,1.0019029495718363,1.0117125672681229,1.0031289111389237,1.0072271229673715,DOWN,SJM
22,2019-01-09,0.0,0.9222035760891308,0.0,1.0207607742216949,0.0,0.7883609240982992,0.0,1.1611780527032214,0.0,1.5281417296485682,93.08,94.52,91.95,93.88,93.88,0.0,0.8667193432487756,2018-12-31,94.05,94.227,91.58,93.49,93.49,0.0,0.8934120578313628,0.9993980738362761,1.018192968111202,0.9999499924988748,1.0107988703981796,0.9993980738362761,1.0006022886970487,1.0030096308186196,1.0102423689281006,1.0068951322424617,1.0255765199161426,1.023807085807905,1.0322346841604062,1.0068951322424617,1.01880621422731,1.0030597913322632,1.0029060083131314,0.9949937421777223,1.0066476733143401,1.015387814514452,1.0044638112445532,0.9949937421777223,1.018553459119497,1.0050427086549345,1.009416992910803,1.0019029495718363,1.014776742691937,0.999703768378054,1.0081431479695704,1.0019029495718363,1.0117125672681229,1.0031289111389237,1.0072271229673715,0.9947805709416276,1.0033304684142674,1.0178639441388067,1.0150081566068514,0.9947805709416276,1.0128493414712496,1.0171106882334284,1.0006428801028608,DOWN,SJM
23,2019-01-08,0.0,1.0207607742216949,0.0,0.7883609240982992,0.0,1.1611780527032214,0.0,1.5281417296485682,0.0,0.8667193432487756,94.05,94.227,91.58,93.49,93.49,0.0,0.8934120578313628,2018-12-28,94.61,95.78,92.95,93.91,93.91,0.0,0.9976117345668462,1.0068951322424617,1.0255765199161426,1.023807085807905,1.0322346841604062,1.0068951322424617,1.01880621422731,1.0030597913322632,1.0029060083131314,0.9949937421777223,1.0066476733143401,1.015387814514452,1.0044638112445532,0.9949937421777223,1.018553459119497,1.0050427086549345,1.009416992910803,1.0019029495718363,1.014776742691937,0.999703768378054,1.0081431479695704,1.0019029495718363,1.0117125672681229,1.0031289111389237,1.0072271229673715,0.9947805709416276,1.0033304684142674,1.0178639441388067,1.0150081566068514,0.9947805709416276,1.0128493414712496,1.0171106882334284,1.0006428801028608,0.9956145042250508,0.9896863370547582,1.0031095121355873,1.0040401834461674,0.9956145042250508,1.008594757198109,1.0068172134639966,1.012289287656335,UP,SJM
24,2019-01-07,0.0,0.7883609240982992,0.0,1.1611780527032214,0.0,1.5281417296485682,0.0,0.8667193432487756,0.0,0.8934120578313628,94.61,95.78,92.95,93.91,93.91,0.0,0.9976117345668462,2018-12-27,94.37,94.39,91.32,94.39,94.39,0.0,1.071802805450784,0.9949937421777223,1.0066476733143401,1.015387814514452,1.0044638112445532,0.9949937421777223,1.018553459119497,1.0050427086549345,1.009416992910803,1.0019029495718363,1.014776742691937,0.999703768378054,1.0081431479695704,1.0019029495718363,1.0117125672681229,1.0031289111389237,1.0072271229673715,0.9947805709416276,1.0033304684142674,1.0178639441388067,1.0150081566068514,0.9947805709416276,1.0128493414712496,1.0171106882334284,1.0006428801028608,0.9956145042250508,0.9896863370547582,1.0031095121355873,1.0040401834461674,0.9956145042250508,1.008594757198109,1.0068172134639966,1.012289287656335,1.0014907890533489,0.9940809639572984,0.983785759031113,0.9852608929532006,1.0014907890533489,0.9940457203615098,1.0018819776714514,1.0208560821139987,DOWN,SJM
25,2019-01-04,0.0,1.1611780527032214,0.0,1.5281417296485682,0.0,0.8667193432487756,0.0,0.8934120578313628,0.0,0.9976117345668462,94.37,94.39,91.32,94.39,94.39,0.0,1.071802805450784,2018-12-26,93.35,94.79,92.54,94.78,94.78,0.0,1.988903523265176,1.0019029495718363,1.014776742691937,0.999703768378054,1.0081431479695704,1.0019029495718363,1.0117125672681229,1.0031289111389237,1.0072271229673715,0.9947805709416276,1.0033304684142674,1.0178639441388067,1.0150081566068514,0.9947805709416276,1.0128493414712496,1.0171106882334284,1.0006428801028608,0.9956145042250508,0.9896863370547582,1.0031095121355873,1.0040401834461674,0.9956145042250508,1.008594757198109,1.0068172134639966,1.012289287656335,1.0014907890533489,0.9940809639572984,0.983785759031113,0.9852608929532006,1.0014907890533489,0.9940457203615098,1.0018819776714514,1.0208560821139987,1.002330755376629,1.002543181095687,1.014726136243246,1.0178493210687694,1.002330755376629,0.992601204946623,1.0123665574463587,1.0103281334050564,UP,SJM
26,2019-01-03,0.0,1.5281417296485682,0.0,0.8667193432487756,0.0,0.8934120578313628,0.0,0.9976117345668462,0.0,1.071802805450784,93.35,94.79,92.54,94.78,94.78,0.0,1.988903523265176,2018-12-24,96.36,96.36,92.2387,93.16,93.16,0.0,0.8166548485331969,0.9947805709416276,1.0033304684142674,1.0178639441388067,1.0150081566068514,0.9947805709416276,1.0128493414712496,1.0171106882334284,1.0006428801028608,0.9956145042250508,0.9896863370547582,1.0031095121355873,1.0040401834461674,0.9956145042250508,1.008594757198109,1.0068172134639966,1.012289287656335,1.0014907890533489,0.9940809639572984,0.983785759031113,0.9852608929532006,1.0014907890533489,0.9940457203615098,1.0018819776714514,1.0208560821139987,1.002330755376629,1.002543181095687,1.014726136243246,1.0178493210687694,1.002330755376629,0.992601204946623,1.0123665574463587,1.0103281334050564,0.9956741928676937,1.0109266202463847,0.9957801455849773,0.9868165117786901,0.9956741928676937,1.0002119317579738,1.0,1.0333990363556724,DOWN,SJM
27,2019-01-02,0.0,0.8667193432487756,0.0,0.8934120578313628,0.0,0.9976117345668462,0.0,1.071802805450784,0.0,1.988903523265176,96.36,96.36,92.2387,93.16,93.16,0.0,0.8166548485331969,2018-12-21,95.53,99.05,94.88,96.1,96.1,0.0,2.4886264088944627,0.9956145042250508,0.9896863370547582,1.0031095121355873,1.0040401834461674,0.9956145042250508,1.008594757198109,1.0068172134639966,1.012289287656335,1.0014907890533489,0.9940809639572984,0.983785759031113,0.9852608929532006,1.0014907890533489,0.9940457203615098,1.0018819776714514,1.0208560821139987,1.002330755376629,1.002543181095687,1.014726136243246,1.0178493210687694,1.002330755376629,0.992601204946623,1.0123665574463587,1.0103281334050564,0.9956741928676937,1.0109266202463847,0.9957801455849773,0.9868165117786901,0.9956741928676937,1.0002119317579738,1.0,1.0333990363556724,1.0020395019321597,0.9687629721876296,0.9837069323370694,1.0032665247884025,1.0020395019321597,1.0153186930905196,1.0001055074910319,1.0087529716879187,DOWN,SJM
28,2018-12-31,0.0,0.8934120578313628,0.0,0.9976117345668462,0.0,1.071802805450784,0.0,1.988903523265176,0.0,0.8166548485331969,95.53,99.05,94.88,96.1,96.1,0.0,2.4886264088944627,2018-12-20,96.65,97.5,93.9806,95.42,95.42,0.0,1.2269772710068605,1.0014907890533489,0.9940809639572984,0.983785759031113,0.9852608929532006,1.0014907890533489,0.9940457203615098,1.0018819776714514,1.0208560821139987,1.002330755376629,1.002543181095687,1.014726136243246,1.0178493210687694,1.002330755376629,0.992601204946623,1.0123665574463587,1.0103281334050564,0.9956741928676937,1.0109266202463847,0.9957801455849773,0.9868165117786901,0.9956741928676937,1.0002119317579738,1.0,1.0333990363556724,1.0020395019321597,0.9687629721876296,0.9837069323370694,1.0032665247884025,1.0020395019321597,1.0153186930905196,1.0001055074910319,1.0087529716879187,1.0027055150884496,1.008688370145504,0.9728419989904089,0.9721616779089376,1.0027055150884496,0.9667911996679119,1.0,1.0099882153586293,UP,SJM
29,2018-12-28,0.0,0.9976117345668462,0.0,1.071802805450784,0.0,1.988903523265176,0.0,0.8166548485331969,0.0,2.4886264088944627,96.65,97.5,93.9806,95.42,95.42,0.0,1.2269772710068605,2018-12-19,99.18,99.9,96.41,96.9,96.9,0.0,0.8606170946777651,1.002330755376629,1.002543181095687,1.014726136243246,1.0178493210687694,1.002330755376629,0.992601204946623,1.0123665574463587,1.0103281334050564,0.9956741928676937,1.0109266202463847,0.9957801455849773,0.9868165117786901,0.9956741928676937,1.0002119317579738,1.0,1.0333990363556724,1.0020395019321597,0.9687629721876296,0.9837069323370694,1.0032665247884025,1.0020395019321597,1.0153186930905196,1.0001055074910319,1.0087529716879187,1.0027055150884496,1.008688370145504,0.9728419989904089,0.9721616779089376,1.0027055150884496,0.9667911996679119,1.0,1.0099882153586293,1.001152798155523,0.9884117951370925,1.015897435897436,1.0095700602039144,1.001152798155523,1.0059667120276352,1.0306971904266389,1.0068507588532885,UP,SJM
30,2018-12-27,0.0,1.071802805450784,0.0,1.988903523265176,0.0,0.8166548485331969,0.0,2.4886264088944627,0.0,1.2269772710068605,99.18,99.9,96.41,96.9,96.9,0.0,0.8606170946777651,2018-12-18,99.07,99.44,96.9589,97.34,97.34,0.0,1.097090153695805,0.9956741928676937,1.0109266202463847,0.9957801455849773,0.9868165117786901,0.9956741928676937,1.0002119317579738,1.0,1.0333990363556724,1.0020395019321597,0.9687629721876296,0.9837069323370694,1.0032665247884025,1.0020395019321597,1.0153186930905196,1.0001055074910319,1.0087529716879187,1.0027055150884496,1.008688370145504,0.9728419989904089,0.9721616779089376,1.0027055150884496,0.9667911996679119,1.0,1.0099882153586293,1.001152798155523,0.9884117951370925,1.015897435897436,1.0095700602039144,1.001152798155523,1.0059667120276352,1.0306971904266389,1.0068507588532885,0.9974200206398349,0.974490824763057,0.975975975975976,0.9748013691525775,0.9974200206398349,0.9872736678737714,1.0087946197620279,1.0153159269040632,DOWN,SJM
31,2018-12-26,0.0,1.988903523265176,0.0,0.8166548485331969,0.0,2.4886264088944627,0.0,1.2269772710068605,0.0,0.8606170946777651,99.07,99.44,96.9589,97.34,97.34,0.0,1.097090153695805,2018-12-17,101.6,102.28,98.18,99.0,99.0,0.0,1.0306370029695426,1.0020395019321597,0.9687629721876296,0.9837069323370694,1.0032665247884025,1.0020395019321597,1.0153186930905196,1.0001055074910319,1.0087529716879187,1.0027055150884496,1.008688370145504,0.9728419989904089,0.9721616779089376,1.0027055150884496,0.9667911996679119,1.0,1.0099882153586293,1.001152798155523,0.9884117951370925,1.015897435897436,1.0095700602039144,1.001152798155523,1.0059667120276352,1.0306971904266389,1.0068507588532885,0.9974200206398349,0.974490824763057,0.975975975975976,0.9748013691525775,0.9974200206398349,0.9872736678737714,1.0087946197620279,1.0153159269040632,1.0189028148756936,1.0011103260320986,1.004625905068383,0.9943388384150398,1.0189028148756936,0.9770114942528736,1.0072595281306715,1.0050824603256925,UP,SJM
32,2018-12-24,0.0,0.8166548485331969,0.0,2.4886264088944627,0.0,1.2269772710068605,0.0,0.8606170946777651,0.0,1.097090153695805,101.6,102.28,98.18,99.0,99.0,0.0,1.0306370029695426,2018-12-14,103.36,104.18,101.63,101.91,101.91,0.0,0.9439338009247144,1.0027055150884496,1.008688370145504,0.9728419989904089,0.9721616779089376,1.0027055150884496,0.9667911996679119,1.0,1.0099882153586293,1.001152798155523,0.9884117951370925,1.015897435897436,1.0095700602039144,1.001152798155523,1.0059667120276352,1.0306971904266389,1.0068507588532885,0.9974200206398349,0.974490824763057,0.975975975975976,0.9748013691525775,0.9974200206398349,0.9872736678737714,1.0087946197620279,1.0153159269040632,1.0189028148756936,1.0011103260320986,1.004625905068383,0.9943388384150398,1.0189028148756936,0.9770114942528736,1.0072595281306715,1.0050824603256925,1.0007070707070707,0.9750984251968504,0.9722330856472429,0.9875626400488897,1.0007070707070707,0.9825375996769962,1.0037347330170587,1.0039305313901046,UP,SJM
33,2018-12-21,0.0,2.4886264088944627,0.0,1.2269772710068605,0.0,0.8606170946777651,0.0,1.097090153695805,0.0,1.0306370029695426,103.36,104.18,101.63,101.91,101.91,0.0,0.9439338009247144,2018-12-13,101.86,104.655,101.68,103.77,103.77,0.0,1.325695850919815,1.001152798155523,0.9884117951370925,1.015897435897436,1.0095700602039144,1.001152798155523,1.0059667120276352,1.0306971904266389,1.0068507588532885,0.9974200206398349,0.974490824763057,0.975975975975976,0.9748013691525775,0.9974200206398349,0.9872736678737714,1.0087946197620279,1.0153159269040632,1.0189028148756936,1.0011103260320986,1.004625905068383,0.9943388384150398,1.0189028148756936,0.9770114942528736,1.0072595281306715,1.0050824603256925,1.0007070707070707,0.9750984251968504,0.9722330856472429,0.9875626400488897,1.0007070707070707,0.9825375996769962,1.0037347330170587,1.0039305313901046,0.9969581002845648,0.9829721362229101,0.981762334421194,0.9660533307094363,0.9969581002845648,0.9744094488188977,1.006692913385827,1.008352006518639,UP,SJM
34,2018-12-20,0.0,1.2269772710068605,0.0,0.8606170946777651,0.0,1.097090153695805,0.0,1.0306370029695426,0.0,0.9439338009247144,101.86,104.655,101.68,103.77,103.77,0.0,1.325695850919815,2018-12-12,101.55,102.69,100.7875,101.68,101.68,0.0,1.004922665430572,0.9974200206398349,0.974490824763057,0.975975975975976,0.9748013691525775,0.9974200206398349,0.9872736678737714,1.0087946197620279,1.0153159269040632,1.0189028148756936,1.0011103260320986,1.004625905068383,0.9943388384150398,1.0189028148756936,0.9770114942528736,1.0072595281306715,1.0050824603256925,1.0007070707070707,0.9750984251968504,0.9722330856472429,0.9875626400488897,1.0007070707070707,0.9825375996769962,1.0037347330170587,1.0039305313901046,0.9969581002845648,0.9829721362229101,0.981762334421194,0.9660533307094363,0.9969581002845648,0.9744094488188977,1.006692913385827,1.008352006518639,0.9960489544184254,1.0147260946397016,0.995461277530935,0.9995082612116443,0.9960489544184254,0.9859713622291021,1.0079334365325079,1.0027550920003936,DOWN,SJM
35,2018-12-19,0.0,0.8606170946777651,0.0,1.097090153695805,0.0,1.0306370029695426,0.0,0.9439338009247144,0.0,1.325695850919815,101.55,102.69,100.7875,101.68,101.68,0.0,1.004922665430572,2018-12-11,99.61,102.2,99.04,100.88,100.88,0.0,0.8907215209614172,1.0189028148756936,1.0011103260320986,1.004625905068383,0.9943388384150398,1.0189028148756936,0.9770114942528736,1.0072595281306715,1.0050824603256925,1.0007070707070707,0.9750984251968504,0.9722330856472429,0.9875626400488897,1.0007070707070707,0.9825375996769962,1.0037347330170587,1.0039305313901046,0.9969581002845648,0.9829721362229101,0.981762334421194,0.9660533307094363,0.9969581002845648,0.9744094488188977,1.006692913385827,1.008352006518639,0.9960489544184254,1.0147260946397016,0.995461277530935,0.9995082612116443,0.9960489544184254,0.9859713622291021,1.0079334365325079,1.0027550920003936,1.0017702596380802,1.0030526834071887,1.0191352614665499,1.0088552647897806,1.0017702596380802,1.0187512271745534,1.008528476438277,1.0017702596380802,UP,SJM
36,2018-12-18,0.0,1.097090153695805,0.0,1.0306370029695426,0.0,0.9439338009247144,0.0,1.325695850919815,0.0,1.004922665430572,99.61,102.2,99.04,100.88,100.88,0.0,0.8907215209614172,2018-12-10,98.22,99.68,97.32,99.16,99.16,0.0,1.226852872551143,1.0007070707070707,0.9750984251968504,0.9722330856472429,0.9875626400488897,1.0007070707070707,0.9825375996769962,1.0037347330170587,1.0039305313901046,0.9969581002845648,0.9829721362229101,0.981762334421194,0.9660533307094363,0.9969581002845648,0.9744094488188977,1.006692913385827,1.008352006518639,0.9960489544184254,1.0147260946397016,0.995461277530935,0.9995082612116443,0.9960489544184254,0.9859713622291021,1.0079334365325079,1.0027550920003936,1.0017702596380802,1.0030526834071887,1.0191352614665499,1.0088552647897806,1.0017702596380802,1.0187512271745534,1.008528476438277,1.0017702596380802,1.0066415543219667,1.0194759562292943,1.0047945205479452,1.0176443861066236,1.0066415543219667,1.0012801575578534,1.0099331235247835,1.0075654222993924,UP,SJM
37,2018-12-17,0.0,1.0306370029695426,0.0,0.9439338009247144,0.0,1.325695850919815,0.0,1.004922665430572,0.0,0.8907215209614172,98.22,99.68,97.32,99.16,99.16,0.0,1.226852872551143,2018-12-07,100.88,101.25,97.42,98.17,98.17,0.0,1.1917699864484694,0.9969581002845648,0.9829721362229101,0.981762334421194,0.9660533307094363,0.9969581002845648,0.9744094488188977,1.006692913385827,1.008352006518639,0.9960489544184254,1.0147260946397016,0.995461277530935,0.9995082612116443,0.9960489544184254,0.9859713622291021,1.0079334365325079,1.0027550920003936,1.0017702596380802,1.0030526834071887,1.0191352614665499,1.0088552647897806,1.0017702596380802,1.0187512271745534,1.008528476438277,1.0017702596380802,1.0066415543219667,1.0194759562292943,1.0047945205479452,1.0176443861066236,1.0066415543219667,1.0012801575578534,1.0099331235247835,1.0075654222993924,1.004538120209762,1.0141519038892284,1.0252808988764044,1.0176736539251954,1.004538120209762,1.0127497239233008,1.013084853291039,1.0057552504038771,DOWN,SJM
38,2018-12-14,0.0,0.9439338009247144,0.0,1.325695850919815,0.0,1.004922665430572,0.0,0.8907215209614172,0.0,1.226852872551143,100.88,101.25,97.42,98.17,98.17,0.0,1.1917699864484694,2018-12-06,102.6,102.91,99.045,100.83,100.83,0.0,1.7729276314169242,0.9960489544184254,1.0147260946397016,0.995461277530935,0.9995082612116443,0.9960489544184254,0.9859713622291021,1.0079334365325079,1.0027550920003936,1.0017702596380802,1.0030526834071887,1.0191352614665499,1.0088552647897806,1.0017702596380802,1.0187512271745534,1.008528476438277,1.0017702596380802,1.0066415543219667,1.0194759562292943,1.0047945205479452,1.0176443861066236,1.0066415543219667,1.0012801575578534,1.0099331235247835,1.0075654222993924,1.004538120209762,1.0141519038892284,1.0252808988764044,1.0176736539251954,1.004538120209762,1.0127497239233008,1.013084853291039,1.0057552504038771,1.0005093205663644,0.9736320380650277,0.9844938271604939,0.9989735167316772,1.0005093205663644,1.0095703522704134,1.0052440500201696,1.0092478421701603,DOWN,SJM
39,2018-12-13,0.0,1.325695850919815,0.0,1.004922665430572,0.0,0.8907215209614172,0.0,1.226852872551143,0.0,1.1917699864484694,102.6,102.91,99.045,100.83,100.83,0.0,1.7729276314169242,2018-12-04,103.69,106.09,101.86,102.24,102.24,0.0,1.5361771974638383,1.0017702596380802,1.0030526834071887,1.0191352614665499,1.0088552647897806,1.0017702596380802,1.0187512271745534,1.008528476438277,1.0017702596380802,1.0066415543219667,1.0194759562292943,1.0047945205479452,1.0176443861066236,1.0066415543219667,1.0012801575578534,1.0099331235247835,1.0075654222993924,1.004538120209762,1.0141519038892284,1.0252808988764044,1.0176736539251954,1.004538120209762,1.0127497239233008,1.013084853291039,1.0057552504038771,1.0005093205663644,0.9736320380650277,0.9844938271604939,0.9989735167316772,1.0005093205663644,1.0095703522704134,1.0052440500201696,1.0092478421701603,1.00049588416146,0.9832358674463938,0.9838694004469926,0.9835933161694179,1.00049588416146,0.9731363996827915,1.0036677240285488,1.0076986245124204,UP,SJM
40,2018-12-12,0.0,1.004922665430572,0.0,0.8907215209614172,0.0,1.226852872551143,0.0,1.1917699864484694,0.0,1.7729276314169242,103.69,106.09,101.86,102.24,102.24,0.0,1.5361771974638383,2018-12-03,104.44,104.5599,102.66,103.26,103.26,0.0,1.3396091457677402,1.0066415543219667,1.0194759562292943,1.0047945205479452,1.0176443861066236,1.0066415543219667,1.0012801575578534,1.0099331235247835,1.0075654222993924,1.004538120209762,1.0141519038892284,1.0252808988764044,1.0176736539251954,1.004538120209762,1.0127497239233008,1.013084853291039,1.0057552504038771,1.0005093205663644,0.9736320380650277,0.9844938271604939,0.9989735167316772,1.0005093205663644,1.0095703522704134,1.0052440500201696,1.0092478421701603,1.00049588416146,0.9832358674463938,0.9838694004469926,0.9835933161694179,1.00049588416146,0.9731363996827915,1.0036677240285488,1.0076986245124204,1.0035211267605633,0.9894878966149098,0.9700254500895465,0.9723640290594935,1.0035211267605633,0.9827485380116959,1.0030214424951267,1.0180221111615932,UP,SJM
41,2018-12-11,0.0,0.8907215209614172,0.0,1.226852872551143,0.0,1.1917699864484694,0.0,1.7729276314169242,0.0,1.5361771974638383,104.44,104.5599,102.66,103.26,103.26,0.0,1.3396091457677402,2018-11-30,103.44,104.78,103.07,104.51,104.51,0.0,1.7245761370577806,1.004538120209762,1.0141519038892284,1.0252808988764044,1.0176736539251954,1.004538120209762,1.0127497239233008,1.013084853291039,1.0057552504038771,1.0005093205663644,0.9736320380650277,0.9844938271604939,0.9989735167316772,1.0005093205663644,1.0095703522704134,1.0052440500201696,1.0092478421701603,1.00049588416146,0.9832358674463938,0.9838694004469926,0.9835933161694179,1.00049588416146,0.9731363996827915,1.0036677240285488,1.0076986245124204,1.0035211267605633,0.9894878966149098,0.9700254500895465,0.9723640290594935,1.0035211267605633,0.9827485380116959,1.0030214424951267,1.0180221111615932,1.004164245593647,0.9928188433550363,1.0146337171324762,0.9922072861874148,1.004164245593647,0.9860160092583663,1.0231459157102905,1.0037306106420576,UP,SJM
42,2018-12-10,0.0,1.226852872551143,0.0,1.1917699864484694,0.0,1.7729276314169242,0.0,1.5361771974638383,0.0,1.3396091457677402,103.44,104.78,103.07,104.51,104.51,0.0,1.7245761370577806,2018-11-29,100.99,104.42,100.89,103.44,103.44,0.0,2.1809175828458836,1.0005093205663644,0.9736320380650277,0.9844938271604939,0.9989735167316772,1.0005093205663644,1.0095703522704134,1.0052440500201696,1.0092478421701603,1.00049588416146,0.9832358674463938,0.9838694004469926,0.9835933161694179,1.00049588416146,0.9731363996827915,1.0036677240285488,1.0076986245124204,1.0035211267605633,0.9894878966149098,0.9700254500895465,0.9723640290594935,1.0035211267605633,0.9827485380116959,1.0030214424951267,1.0180221111615932,1.004164245593647,0.9928188433550363,1.0146337171324762,0.9922072861874148,1.004164245593647,0.9860160092583663,1.0231459157102905,1.0037306106420576,0.9993302076356329,1.0096674400618717,0.9978994082840237,0.9960221208887164,0.9993302076356329,0.9887016468785906,1.0011480275756415,1.005844535359439,UP,SJM
43,2018-12-07,0.0,1.1917699864484694,0.0,1.7729276314169242,0.0,1.5361771974638383,0.0,1.3396091457677402,0.0,1.7245761370577806,100.99,104.42,100.89,103.44,103.44,0.0,2.1809175828458836,2018-11-28,103.8,106.67,100.65,101.28,101.28,0.0,4.200376897061741,1.00049588416146,0.9832358674463938,0.9838694004469926,0.9835933161694179,1.00049588416146,0.9731363996827915,1.0036677240285488,1.0076986245124204,1.0035211267605633,0.9894878966149098,0.9700254500895465,0.9723640290594935,1.0035211267605633,0.9827485380116959,1.0030214424951267,1.0180221111615932,1.004164245593647,0.9928188433550363,1.0146337171324762,0.9922072861874148,1.004164245593647,0.9860160092583663,1.0231459157102905,1.0037306106420576,0.9993302076356329,1.0096674400618717,0.9978994082840237,0.9960221208887164,0.9993302076356329,0.9887016468785906,1.0011480275756415,1.005844535359439,1.0,1.0242598277057136,1.0034476153993488,1.0216076915452472,1.0,1.0103441608662027,1.0025834848339872,1.0035897933443292,UP,SJM
44,2018-12-06,0.0,1.7729276314169242,0.0,1.5361771974638383,0.0,1.3396091457677402,0.0,1.7245761370577806,0.0,2.1809175828458836,103.8,106.67,100.65,101.28,101.28,0.0,4.200376897061741,2018-11-27,109.16,109.53,107.75,109.18,109.18,0.0,1.4672268317920563,1.0035211267605633,0.9894878966149098,0.9700254500895465,0.9723640290594935,1.0035211267605633,0.9827485380116959,1.0030214424951267,1.0180221111615932,1.004164245593647,0.9928188433550363,1.0146337171324762,0.9922072861874148,1.004164245593647,0.9860160092583663,1.0231459157102905,1.0037306106420576,0.9993302076356329,1.0096674400618717,0.9978994082840237,0.9960221208887164,0.9993302076356329,0.9887016468785906,1.0011480275756415,1.005844535359439,1.0,1.0242598277057136,1.0034476153993488,1.0216076915452472,1.0,1.0103441608662027,1.0025834848339872,1.0035897933443292,0.9971366508688783,0.9729287090558767,0.9789069091590887,1.0023845007451564,0.9971366508688783,1.0242598277057136,1.0094740912606341,1.0009911785112497,UP,SJM
45,2018-12-04,0.0,1.5361771974638383,0.0,1.3396091457677402,0.0,1.7245761370577806,0.0,2.1809175828458836,0.0,4.200376897061741,109.16,109.53,107.75,109.18,109.18,0.0,1.4672268317920563,2018-11-26,110.25,111.5,108.33,109.01,109.01,0.0,1.3689705434375117,1.004164245593647,0.9928188433550363,1.0146337171324762,0.9922072861874148,1.004164245593647,0.9860160092583663,1.0231459157102905,1.0037306106420576,0.9993302076356329,1.0096674400618717,0.9978994082840237,0.9960221208887164,0.9993302076356329,0.9887016468785906,1.0011480275756415,1.005844535359439,1.0,1.0242598277057136,1.0034476153993488,1.0216076915452472,1.0,1.0103441608662027,1.0025834848339872,1.0035897933443292,0.9971366508688783,0.9729287090558767,0.9789069091590887,1.0023845007451564,0.9971366508688783,1.0242598277057136,1.0094740912606341,1.0009911785112497,0.9507235757464736,0.9508977647489923,0.9738884323929518,0.9341067285382831,0.9507235757464736,0.9757225433526012,1.0276493256262043,1.0062593144560357,UP,SJM
46,2018-12-03,0.0,1.3396091457677402,0.0,1.7245761370577806,0.0,2.1809175828458836,0.0,4.200376897061741,0.0,1.4672268317920563,110.25,111.5,108.33,109.01,109.01,0.0,1.3689705434375117,2018-11-23,110.11,110.99,109.57,110.71,110.71,0.0,0.2542696029566084,0.9993302076356329,1.0096674400618717,0.9978994082840237,0.9960221208887164,0.9993302076356329,0.9887016468785906,1.0011480275756415,1.005844535359439,1.0,1.0242598277057136,1.0034476153993488,1.0216076915452472,1.0,1.0103441608662027,1.0025834848339872,1.0035897933443292,0.9971366508688783,0.9729287090558767,0.9789069091590887,1.0023845007451564,0.9971366508688783,1.0242598277057136,1.0094740912606341,1.0009911785112497,0.9507235757464736,0.9508977647489923,0.9738884323929518,0.9341067285382831,0.9507235757464736,0.9757225433526012,1.0276493256262043,1.0062593144560357,1.0013760205485736,0.9901133786848072,0.9823318385650225,0.9946459891073571,1.0013760205485736,1.0001832172957128,1.0032057153324785,1.0130858468677495,DOWN,SJM
47,2018-11-30,0.0,1.7245761370577806,0.0,2.1809175828458836,0.0,4.200376897061741,0.0,1.4672268317920563,0.0,1.3689705434375117,110.11,110.99,109.57,110.71,110.71,0.0,0.2542696029566084,2018-11-21,112.34,112.7,109.59,109.99,109.99,0.0,0.7716780825504455,1.0,1.0242598277057136,1.0034476153993488,1.0216076915452472,1.0,1.0103441608662027,1.0025834848339872,1.0035897933443292,0.9971366508688783,0.9729287090558767,0.9789069091590887,1.0023845007451564,0.9971366508688783,1.0242598277057136,1.0094740912606341,1.0009911785112497,0.9507235757464736,0.9508977647489923,0.9738884323929518,0.9341067285382831,0.9507235757464736,0.9757225433526012,1.0276493256262043,1.0062593144560357,1.0013760205485736,0.9901133786848072,0.9823318385650225,0.9946459891073571,1.0013760205485736,1.0001832172957128,1.0032057153324785,1.0130858468677495,0.9958450004516305,1.0012714558169105,1.0045950085593298,0.9886830336771014,0.9958450004516305,0.9887528344671203,1.0113378684807257,1.0062771162189605,FLAT,SJM
48,2018-11-29,0.0,2.1809175828458836,0.0,4.200376897061741,0.0,1.4672268317920563,0.0,1.3689705434375117,0.0,0.2542696029566084,112.34,112.7,109.59,109.99,109.99,0.0,0.7716780825504455,2018-11-20,112.41,115.09,111.55,112.28,112.28,0.0,1.0029222037778165,0.9971366508688783,0.9729287090558767,0.9789069091590887,1.0023845007451564,0.9971366508688783,1.0242598277057136,1.0094740912606341,1.0009911785112497,0.9507235757464736,0.9508977647489923,0.9738884323929518,0.9341067285382831,0.9507235757464736,0.9757225433526012,1.0276493256262043,1.0062593144560357,1.0013760205485736,0.9901133786848072,0.9823318385650225,0.9946459891073571,1.0013760205485736,1.0001832172957128,1.0032057153324785,1.0130858468677495,0.9958450004516305,1.0012714558169105,1.0045950085593298,0.9886830336771014,0.9958450004516305,0.9887528344671203,1.0113378684807257,1.0062771162189605,1.0010910082734794,0.9801495460210076,0.984826974267968,0.9998175015968609,1.0010910082734794,1.0054490963581872,1.002529130159877,1.0049283563019076,DOWN,SJM
49,2018-11-28,0.0,4.200376897061741,0.0,1.4672268317920563,0.0,1.3689705434375117,0.0,0.2542696029566084,0.0,0.7716780825504455,112.41,115.09,111.55,112.28,112.28,0.0,1.0029222037778165,2018-11-19,112.97,113.92,111.44,111.85,111.85,0.0,0.7067799125206525,0.9507235757464736,0.9508977647489923,0.9738884323929518,0.9341067285382831,0.9507235757464736,0.9757225433526012,1.0276493256262043,1.0062593144560357,1.0013760205485736,0.9901133786848072,0.9823318385650225,0.9946459891073571,1.0013760205485736,1.0001832172957128,1.0032057153324785,1.0130858468677495,0.9958450004516305,1.0012714558169105,1.0045950085593298,0.9886830336771014,0.9958450004516305,0.9887528344671203,1.0113378684807257,1.0062771162189605,1.0010910082734794,0.9801495460210076,0.984826974267968,0.9998175015968609,1.0010910082734794,1.0054490963581872,1.002529130159877,1.0049283563019076,1.0005343783398646,0.9993772796014591,0.9792336432357286,0.9824294038547737,1.0005343783398646,0.9790813601566671,1.003204557593021,1.0036499680627793,DOWN,SJM
50,2018-11-27,0.0,1.4672268317920563,0.0,1.3689705434375117,0.0,0.2542696029566084,0.0,0.7716780825504455,0.0,1.0029222037778165,112.97,113.92,111.44,111.85,111.85,0.0,0.7067799125206525,2018-11-16,113.07,113.97,112.2743,113.06,113.06,0.0,0.6590554536207339,1.0013760205485736,0.9901133786848072,0.9823318385650225,0.9946459891073571,1.0013760205485736,1.0001832172957128,1.0032057153324785,1.0130858468677495,0.9958450004516305,1.0012714558169105,1.0045950085593298,0.9886830336771014,0.9958450004516305,0.9887528344671203,1.0113378684807257,1.0062771162189605,1.0010910082734794,0.9801495460210076,0.984826974267968,0.9998175015968609,1.0010910082734794,1.0054490963581872,1.002529130159877,1.0049283563019076,1.0005343783398646,0.9993772796014591,0.9792336432357286,0.9824294038547737,1.0005343783398646,0.9790813601566671,1.003204557593021,1.0036499680627793,1.00500670540903,0.9950429317517925,1.0102703651685394,1.0009870782483847,1.00500670540903,0.9988435192598524,1.023841295258429,1.0065441506051098,UP,SJM
51,2018-11-26,0.0,1.3689705434375117,0.0,0.2542696029566084,0.0,0.7716780825504455,0.0,1.0029222037778165,0.0,0.7067799125206525,113.07,113.97,112.2743,113.06,113.06,0.0,0.6590554536207339,2018-11-15,112.61,113.88,111.76,112.94,112.94,0.85,1.0187964553635058,0.9958450004516305,1.0012714558169105,1.0045950085593298,0.9886830336771014,0.9958450004516305,0.9887528344671203,1.0113378684807257,1.0062771162189605,1.0010910082734794,0.9801495460210076,0.984826974267968,0.9998175015968609,1.0010910082734794,1.0054490963581872,1.002529130159877,1.0049283563019076,1.0005343783398646,0.9993772796014591,0.9792336432357286,0.9824294038547737,1.0005343783398646,0.9790813601566671,1.003204557593021,1.0036499680627793,1.00500670540903,0.9950429317517925,1.0102703651685394,1.0009870782483847,1.00500670540903,0.9988435192598524,1.023841295258429,1.0065441506051098,0.9992039624977888,0.9991155921110817,0.9995612880582609,0.992569091947133,0.9992039624977888,0.990085863503585,1.0084093122067805,1.0036791098348887,DOWN,SJM
52,2018-11-23,0.0,0.2542696029566084,0.0,0.7716780825504455,0.0,1.0029222037778165,0.0,0.7067799125206525,0.0,0.6590554536207339,112.61,113.88,111.76,112.94,112.94,0.85,1.0187964553635058,2018-11-14,113.92,114.5,113.255,113.94,113.0889,0.0,1.5841512938052984,1.0010910082734794,0.9801495460210076,0.984826974267968,0.9998175015968609,1.0010910082734794,1.0054490963581872,1.002529130159877,1.0049283563019076,1.0005343783398646,0.9993772796014591,0.9792336432357286,0.9824294038547737,1.0005343783398646,0.9790813601566671,1.003204557593021,1.0036499680627793,1.00500670540903,0.9950429317517925,1.0102703651685394,1.0009870782483847,1.00500670540903,0.9988435192598524,1.023841295258429,1.0065441506051098,0.9992039624977888,0.9991155921110817,0.9995612880582609,0.992569091947133,0.9992039624977888,0.990085863503585,1.0084093122067805,1.0036791098348887,1.001151053656809,1.0040848947695586,1.0007903055848262,1.0046018253400142,1.001151053656809,0.9999115592111082,1.0079596710002654,1.0069980396226028,UP,SJM
53,2018-11-21,0.0,0.7716780825504455,0.0,1.0029222037778165,0.0,0.7067799125206525,0.0,0.6590554536207339,0.85,1.0187964553635058,113.92,114.5,113.255,113.94,113.0889,0.0,1.5841512938052984,2018-11-13,113.95,115.45,112.59,113.83,112.9797,0.0,1.1164652131738166,1.0005343783398646,0.9993772796014591,0.9792336432357286,0.9824294038547737,1.0005343783398646,0.9790813601566671,1.003204557593021,1.0036499680627793,1.00500670540903,0.9950429317517925,1.0102703651685394,1.0009870782483847,1.00500670540903,0.9988435192598524,1.023841295258429,1.0065441506051098,0.9992039624977888,0.9991155921110817,0.9995612880582609,0.992569091947133,0.9992039624977888,0.990085863503585,1.0084093122067805,1.0036791098348887,1.001151053656809,1.0040848947695586,1.0007903055848262,1.0046018253400142,1.001151053656809,0.9999115592111082,1.0079596710002654,1.0069980396226028,0.9883271897489907,0.988500702247191,0.9945851528384279,0.9867996997925037,0.9883271897489907,1.0029304679868574,1.0083230033646184,1.007605583392985,UP,SJM
54,2018-11-20,0.0,1.0029222037778165,0.0,0.7067799125206525,0.0,0.6590554536207339,0.85,1.0187964553635058,0.0,1.5841512938052984,113.95,115.45,112.59,113.83,112.9797,0.0,1.1164652131738166,2018-11-12,112.6,114.86,112.585,114.2,113.3469,0.0,1.2831633464858925,1.00500670540903,0.9950429317517925,1.0102703651685394,1.0009870782483847,1.00500670540903,0.9988435192598524,1.023841295258429,1.0065441506051098,0.9992039624977888,0.9991155921110817,0.9995612880582609,0.992569091947133,0.9992039624977888,0.990085863503585,1.0084093122067805,1.0036791098348887,1.001151053656809,1.0040848947695586,1.0007903055848262,1.0046018253400142,1.001151053656809,0.9999115592111082,1.0079596710002654,1.0069980396226028,0.9883271897489907,0.988500702247191,0.9945851528384279,0.9867996997925037,0.9883271897489907,1.0029304679868574,1.0083230033646184,1.007605583392985,1.000790652727752,0.9997367266344888,0.9917713295799047,1.0059063860023092,1.000790652727752,1.0001755617977528,1.0049148674741093,1.0058717054434683,UP,SJM
55,2018-11-19,0.0,0.7067799125206525,0.0,0.6590554536207339,0.85,1.0187964553635058,0.0,1.5841512938052984,0.0,1.1164652131738166,112.6,114.86,112.585,114.2,113.3469,0.0,1.2831633464858925,2018-11-09,110.92,113.2378,110.49,112.88,112.0368,0.0,0.8853379256312075,0.9992039624977888,0.9991155921110817,0.9995612880582609,0.992569091947133,0.9992039624977888,0.990085863503585,1.0084093122067805,1.0036791098348887,1.001151053656809,1.0040848947695586,1.0007903055848262,1.0046018253400142,1.001151053656809,0.9999115592111082,1.0079596710002654,1.0069980396226028,0.9883271897489907,0.988500702247191,0.9945851528384279,0.9867996997925037,0.9883271897489907,1.0029304679868574,1.0083230033646184,1.007605583392985,1.000790652727752,0.9997367266344888,0.9917713295799047,1.0059063860023092,1.000790652727752,1.0001755617977528,1.0049148674741093,1.0058717054434683,0.9978108581436077,1.0119893428063944,1.005136688142086,1.00004441088955,0.9978108581436077,0.9989469065379551,1.0131636682755594,1.0110134114930278,DOWN,SJM
56,2018-11-16,0.0,0.6590554536207339,0.85,1.0187964553635058,0.0,1.5841512938052984,0.0,1.1164652131738166,0.0,1.2831633464858925,110.92,113.2378,110.49,112.88,112.0368,0.0,0.8853379256312075,2018-11-08,110.88,111.57,110.23,110.92,110.0914,0.0,1.0838602098242203,1.001151053656809,1.0040848947695586,1.0007903055848262,1.0046018253400142,1.001151053656809,0.9999115592111082,1.0079596710002654,1.0069980396226028,0.9883271897489907,0.988500702247191,0.9945851528384279,0.9867996997925037,0.9883271897489907,1.0029304679868574,1.0083230033646184,1.007605583392985,1.000790652727752,0.9997367266344888,0.9917713295799047,1.0059063860023092,1.000790652727752,1.0001755617977528,1.0049148674741093,1.0058717054434683,0.9978108581436077,1.0119893428063944,1.005136688142086,1.00004441088955,0.9978108581436077,0.9989469065379551,1.0131636682755594,1.0110134114930278,0.9975194897236003,1.0151460512080779,1.0143256050541427,1.0189609919449725,0.9975194897236003,1.0142095914742453,1.0057793345008756,1.0001332326686503,UP,SJM
57,2018-11-15,0.85,1.0187964553635058,0.0,1.5841512938052984,0.0,1.1164652131738166,0.0,1.2831633464858925,0.0,0.8853379256312075,110.88,111.57,110.23,110.92,110.0914,0.0,1.0838602098242203,2018-11-07,110.35,110.98,108.6592,110.79,109.9624,0.0,1.280835078091719,0.9883271897489907,0.988500702247191,0.9945851528384279,0.9867996997925037,0.9883271897489907,1.0029304679868574,1.0083230033646184,1.007605583392985,1.000790652727752,0.9997367266344888,0.9917713295799047,1.0059063860023092,1.000790652727752,1.0001755617977528,1.0049148674741093,1.0058717054434683,0.9978108581436077,1.0119893428063944,1.005136688142086,1.00004441088955,0.9978108581436077,0.9989469065379551,1.0131636682755594,1.0110134114930278,0.9975194897236003,1.0151460512080779,1.0143256050541427,1.0189609919449725,0.9975194897236003,1.0142095914742453,1.0057793345008756,1.0001332326686503,1.0,1.0003607503607503,1.014948462848436,1.0023587045268982,1.0,1.0176703930760909,1.0031697377746278,1.0038917549099466,DOWN,SJM
58,2018-11-14,0.0,1.5841512938052984,0.0,1.1164652131738166,0.0,1.2831633464858925,0.0,0.8853379256312075,0.0,1.0838602098242203,110.35,110.98,108.6592,110.79,109.9624,0.0,1.280835078091719,2018-11-06,107.88,110.14,107.49,109.92,109.0989,0.0,0.6831408438138893,1.000790652727752,0.9997367266344888,0.9917713295799047,1.0059063860023092,1.000790652727752,1.0001755617977528,1.0049148674741093,1.0058717054434683,0.9978108581436077,1.0119893428063944,1.005136688142086,1.00004441088955,0.9978108581436077,0.9989469065379551,1.0131636682755594,1.0110134114930278,0.9975194897236003,1.0151460512080779,1.0143256050541427,1.0189609919449725,0.9975194897236003,1.0142095914742453,1.0057793345008756,1.0001332326686503,1.0,1.0003607503607503,1.014948462848436,1.0023587045268982,1.0,1.0176703930760909,1.0031697377746278,1.0038917549099466,1.000812347684809,1.0048028998640688,1.0053162732023788,1.0144562080339263,1.000812347684809,1.0003607503607503,1.0058600793364587,1.0058967613172456,UP,SJM
59,2018-11-13,0.0,1.1164652131738166,0.0,1.2831633464858925,0.0,0.8853379256312075,0.0,1.0838602098242203,0.0,1.280835078091719,107.88,110.14,107.49,109.92,109.0989,0.0,0.6831408438138893,2018-11-05,105.75,108.43,105.75,107.98,107.1734,0.0,1.1341659366802783,0.9978108581436077,1.0119893428063944,1.005136688142086,1.00004441088955,0.9978108581436077,0.9989469065379551,1.0131636682755594,1.0110134114930278,0.9975194897236003,1.0151460512080779,1.0143256050541427,1.0189609919449725,0.9975194897236003,1.0142095914742453,1.0057793345008756,1.0001332326686503,1.0,1.0003607503607503,1.014948462848436,1.0023587045268982,1.0,1.0176703930760909,1.0031697377746278,1.0038917549099466,1.000812347684809,1.0048028998640688,1.0053162732023788,1.0144562080339263,1.000812347684809,1.0003607503607503,1.0058600793364587,1.0058967613172456,1.0039119359534205,1.0228958101594363,1.007626656982023,1.0108772909107824,1.0039119359534205,1.0039873130946988,1.001714956223486,1.0155605783955708,DOWN,SJM
60,2018-11-12,0.0,1.2831633464858925,0.0,0.8853379256312075,0.0,1.0838602098242203,0.0,1.280835078091719,0.0,0.6831408438138893,105.75,108.43,105.75,107.98,107.1734,0.0,1.1341659366802783,2018-11-02,111.0,111.59,104.46,105.69,104.9005,0.0,2.3043368209897315,0.9975194897236003,1.0151460512080779,1.0143256050541427,1.0189609919449725,0.9975194897236003,1.0142095914742453,1.0057793345008756,1.0001332326686503,1.0,1.0003607503607503,1.014948462848436,1.0023587045268982,1.0,1.0176703930760909,1.0031697377746278,1.0038917549099466,1.000812347684809,1.0048028998640688,1.0053162732023788,1.0144562080339263,1.000812347684809,1.0003607503607503,1.0058600793364587,1.0058967613172456,1.0039119359534205,1.0228958101594363,1.007626656982023,1.0108772909107824,1.0039119359534205,1.0039873130946988,1.001714956223486,1.0155605783955708,0.9990739025745508,1.0201418439716312,1.0157705432075994,1.0164539007092197,0.9990739025745508,1.0189098998887653,1.0020014556040757,1.0036282444878593,DOWN,SJM
61,2018-11-09,0.0,0.8853379256312075,0.0,1.0838602098242203,0.0,1.280835078091719,0.0,0.6831408438138893,0.0,1.1341659366802783,111.0,111.59,104.46,105.69,104.9005,0.0,2.3043368209897315,2018-11-01,108.39,110.91,108.3822,109.74,108.9203,0.0,0.9233887235388726,1.0,1.0003607503607503,1.014948462848436,1.0023587045268982,1.0,1.0176703930760909,1.0031697377746278,1.0038917549099466,1.000812347684809,1.0048028998640688,1.0053162732023788,1.0144562080339263,1.000812347684809,1.0003607503607503,1.0058600793364587,1.0058967613172456,1.0039119359534205,1.0228958101594363,1.007626656982023,1.0108772909107824,1.0039119359534205,1.0039873130946988,1.001714956223486,1.0155605783955708,0.9990739025745508,1.0201418439716312,1.0157705432075994,1.0164539007092197,0.9990739025745508,1.0189098998887653,1.0020014556040757,1.0036282444878593,1.0005676979846723,0.9527027027027027,0.9716820503629358,1.0123492245835728,1.0005676979846723,1.0210874704491726,1.0041674384145212,1.0,FLAT,SJM
62,2018-11-08,0.0,1.0838602098242203,0.0,1.280835078091719,0.0,0.6831408438138893,0.0,1.1341659366802783,0.0,2.3043368209897315,108.39,110.91,108.3822,109.74,108.9203,0.0,0.9233887235388726,2018-10-31,108.98,109.66,105.505,108.32,107.5109,0.0,1.7727948276601446,1.000812347684809,1.0048028998640688,1.0053162732023788,1.0144562080339263,1.000812347684809,1.0003607503607503,1.0058600793364587,1.0058967613172456,1.0039119359534205,1.0228958101594363,1.007626656982023,1.0108772909107824,1.0039119359534205,1.0039873130946988,1.001714956223486,1.0155605783955708,0.9990739025745508,1.0201418439716312,1.0157705432075994,1.0164539007092197,0.9990739025745508,1.0189098998887653,1.0020014556040757,1.0036282444878593,1.0005676979846723,0.9527027027027027,0.9716820503629358,1.0123492245835728,1.0005676979846723,1.0210874704491726,1.0041674384145212,1.0,1.0114816839803171,1.0240797121505674,1.006131097286088,0.9638114007650702,1.0114816839803171,0.9521621621621621,1.0053153153153154,1.0117748420448018,UP,SJM
63,2018-11-07,0.0,1.280835078091719,0.0,0.6831408438138893,0.0,1.1341659366802783,0.0,2.3043368209897315,0.0,0.9233887235388726,108.98,109.66,105.505,108.32,107.5109,0.0,1.7727948276601446,2018-10-30,108.27,110.4,108.05,109.6,108.7813,0.0,1.6500639836732744,1.0039119359534205,1.0228958101594363,1.007626656982023,1.0108772909107824,1.0039119359534205,1.0039873130946988,1.001714956223486,1.0155605783955708,0.9990739025745508,1.0201418439716312,1.0157705432075994,1.0164539007092197,0.9990739025745508,1.0189098998887653,1.0020014556040757,1.0036282444878593,1.0005676979846723,0.9527027027027027,0.9716820503629358,1.0123492245835728,1.0005676979846723,1.0210874704491726,1.0041674384145212,1.0,1.0114816839803171,1.0240797121505674,1.006131097286088,0.9638114007650702,1.0114816839803171,0.9521621621621621,1.0053153153153154,1.0117748420448018,1.0006462333825703,0.994586162598642,1.0113988692321723,1.0272707454623005,1.0006462333825703,1.0124550235261556,1.0106615636960088,1.0000719675371048,UP,SJM
64,2018-11-06,0.0,0.6831408438138893,0.0,1.1341659366802783,0.0,2.3043368209897315,0.0,0.9233887235388726,0.0,1.7727948276601446,108.27,110.4,108.05,109.6,108.7813,0.0,1.6500639836732744,2018-10-29,106.0,108.5,106.0,107.71,106.9054,0.0,0.7121946074647917,0.9990739025745508,1.0201418439716312,1.0157705432075994,1.0164539007092197,0.9990739025745508,1.0189098998887653,1.0020014556040757,1.0036282444878593,1.0005676979846723,0.9527027027027027,0.9716820503629358,1.0123492245835728,1.0005676979846723,1.0210874704491726,1.0041674384145212,1.0,1.0114816839803171,1.0240797121505674,1.006131097286088,0.9638114007650702,1.0114816839803171,0.9521621621621621,1.0053153153153154,1.0117748420448018,1.0006462333825703,0.994586162598642,1.0113988692321723,1.0272707454623005,1.0006462333825703,1.0124550235261556,1.0106615636960088,1.0000719675371048,0.9943430656934308,1.0065576798743883,0.9932971014492753,0.9764460897732531,0.9943430656934308,0.9939438429069553,1.0062396770049549,1.0266811999431307,DOWN,SJM
65,2018-11-05,0.0,1.1341659366802783,0.0,2.3043368209897315,0.0,0.9233887235388726,0.0,1.7727948276601446,0.0,1.6500639836732744,106.0,108.5,106.0,107.71,106.9054,0.0,0.7121946074647917,2018-10-26,106.31,107.15,104.62,105.36,104.573,0.0,0.9925324111350807,1.0005676979846723,0.9527027027027027,0.9716820503629358,1.0123492245835728,1.0005676979846723,1.0210874704491726,1.0041674384145212,1.0,1.0114816839803171,1.0240797121505674,1.006131097286088,0.9638114007650702,1.0114816839803171,0.9521621621621621,1.0053153153153154,1.0117748420448018,1.0006462333825703,0.994586162598642,1.0113988692321723,1.0272707454623005,1.0006462333825703,1.0124550235261556,1.0106615636960088,1.0000719675371048,0.9943430656934308,1.0065576798743883,0.9932971014492753,0.9764460897732531,0.9943430656934308,0.9939438429069553,1.0062396770049549,1.0266811999431307,1.0051991458546097,1.0214150943396225,1.0175115207373273,1.0193396226415095,1.0051991458546097,1.0122841045534312,1.0072992700729928,1.0020360944007405,UP,SJM
66,2018-11-02,0.0,2.3043368209897315,0.0,0.9233887235388726,0.0,1.7727948276601446,0.0,1.6500639836732744,0.0,0.7121946074647917,106.31,107.15,104.62,105.36,104.573,0.0,0.9925324111350807,2018-10-25,107.23,107.56,105.45,106.53,105.7342,0.0,0.9788216840427495,1.0114816839803171,1.0240797121505674,1.006131097286088,0.9638114007650702,1.0114816839803171,0.9521621621621621,1.0053153153153154,1.0117748420448018,1.0006462333825703,0.994586162598642,1.0113988692321723,1.0272707454623005,1.0006462333825703,1.0124550235261556,1.0106615636960088,1.0000719675371048,0.9943430656934308,1.0065576798743883,0.9932971014492753,0.9764460897732531,0.9943430656934308,0.9939438429069553,1.0062396770049549,1.0266811999431307,1.0051991458546097,1.0214150943396225,1.0175115207373273,1.0193396226415095,1.0051991458546097,1.0122841045534312,1.0072992700729928,1.0020360944007405,1.006074411541382,0.9970839996237418,1.0125991600559963,1.013190594532594,1.006074411541382,1.016132075471698,1.00733450933061,1.0,UP,SJM
67,2018-11-01,0.0,0.9233887235388726,0.0,1.7727948276601446,0.0,1.6500639836732744,0.0,0.7121946074647917,0.0,0.9925324111350807,107.23,107.56,105.45,106.53,105.7342,0.0,0.9788216840427495,2018-10-24,105.88,108.56,105.52,107.26,106.4588,0.0,0.9502957732985406,1.0006462333825703,0.994586162598642,1.0113988692321723,1.0272707454623005,1.0006462333825703,1.0124550235261556,1.0106615636960088,1.0000719675371048,0.9943430656934308,1.0065576798743883,0.9932971014492753,0.9764460897732531,0.9943430656934308,0.9939438429069553,1.0062396770049549,1.0266811999431307,1.0051991458546097,1.0214150943396225,1.0175115207373273,1.0193396226415095,1.0051991458546097,1.0122841045534312,1.0072992700729928,1.0020360944007405,1.006074411541382,0.9970839996237418,1.0125991600559963,1.013190594532594,1.006074411541382,1.016132075471698,1.00733450933061,1.0,0.9979348540317282,0.9914203114799962,0.996188174042395,0.9921289710763395,0.9979348540317282,0.9910638698146929,1.0079014203743768,1.0070732173580577,UP,SJM
68,2018-10-31,0.0,1.7727948276601446,0.0,1.6500639836732744,0.0,0.7121946074647917,0.0,0.9925324111350807,0.0,0.9788216840427495,105.88,108.56,105.52,107.26,106.4588,0.0,0.9502957732985406,2018-10-23,104.06,106.41,103.65,105.86,105.0692,0.0,0.8730779535021772,0.9943430656934308,1.0065576798743883,0.9932971014492753,0.9764460897732531,0.9943430656934308,0.9939438429069553,1.0062396770049549,1.0266811999431307,1.0051991458546097,1.0214150943396225,1.0175115207373273,1.0193396226415095,1.0051991458546097,1.0122841045534312,1.0072992700729928,1.0020360944007405,1.006074411541382,0.9970839996237418,1.0125991600559963,1.013190594532594,1.006074411541382,1.016132075471698,1.00733450933061,1.0,0.9979348540317282,0.9914203114799962,0.996188174042395,0.9921289710763395,0.9979348540317282,0.9910638698146929,1.0079014203743768,1.0070732173580577,0.9997203057989931,1.0127502833396298,0.9907885040530582,0.9993366186504928,0.9997203057989931,0.9934719761260841,1.0030774969691318,1.0102418207681365,DOWN,SJM
69,2018-10-30,0.0,1.6500639836732744,0.0,0.7121946074647917,0.0,0.9925324111350807,0.0,0.9788216840427495,0.0,0.9502957732985406,104.06,106.41,103.65,105.86,105.0692,0.0,0.8730779535021772,2018-10-22,105.23,105.93,103.95,104.71,103.9278,0.0,0.5103892126769626,1.0051991458546097,1.0214150943396225,1.0175115207373273,1.0193396226415095,1.0051991458546097,1.0122841045534312,1.0072992700729928,1.0020360944007405,1.006074411541382,0.9970839996237418,1.0125991600559963,1.013190594532594,1.006074411541382,1.016132075471698,1.00733450933061,1.0,0.9979348540317282,0.9914203114799962,0.996188174042395,0.9921289710763395,0.9979348540317282,0.9910638698146929,1.0079014203743768,1.0070732173580577,0.9997203057989931,1.0127502833396298,0.9907885040530582,0.9993366186504928,0.9997203057989931,0.9934719761260841,1.0030774969691318,1.0102418207681365,1.0001889287738521,1.0174899096674994,1.0202048679635374,1.0180414857694162,1.0001889287738521,1.0130336229693995,1.0121200820436322,1.0034116755117513,UP,SJM
70,2018-10-29,0.0,0.7121946074647917,0.0,0.9925324111350807,0.0,0.9788216840427495,0.0,0.9502957732985406,0.0,0.8730779535021772,105.23,105.93,103.95,104.71,103.9278,0.0,0.5103892126769626,2018-10-19,103.73,105.4025,103.706,104.98,104.1958,0.0,0.7111968982287324,1.006074411541382,0.9970839996237418,1.0125991600559963,1.013190594532594,1.006074411541382,1.016132075471698,1.00733450933061,1.0,0.9979348540317282,0.9914203114799962,0.996188174042395,0.9921289710763395,0.9979348540317282,0.9910638698146929,1.0079014203743768,1.0070732173580577,0.9997203057989931,1.0127502833396298,0.9907885040530582,0.9993366186504928,0.9997203057989931,0.9934719761260841,1.0030774969691318,1.0102418207681365,1.0001889287738521,1.0174899096674994,1.0202048679635374,1.0180414857694162,1.0001889287738521,1.0130336229693995,1.0121200820436322,1.0034116755117513,0.9937923789513896,0.9888814976717666,1.0045312942509204,0.9971139971139972,0.9937923789513896,1.0172977128579666,1.005195541280937,1.0039556198745778,UP,SJM
71,2018-10-26,0.0,0.9925324111350807,0.0,0.9788216840427495,0.0,0.9502957732985406,0.0,0.8730779535021772,0.0,0.5103892126769626,103.73,105.4025,103.706,104.98,104.1958,0.0,0.7111968982287324,2018-10-18,103.81,104.15,102.54,102.9,102.1313,0.0,0.7165998257513848,0.9979348540317282,0.9914203114799962,0.996188174042395,0.9921289710763395,0.9979348540317282,0.9910638698146929,1.0079014203743768,1.0070732173580577,0.9997203057989931,1.0127502833396298,0.9907885040530582,0.9993366186504928,0.9997203057989931,0.9934719761260841,1.0030774969691318,1.0102418207681365,1.0001889287738521,1.0174899096674994,1.0202048679635374,1.0180414857694162,1.0001889287738521,1.0130336229693995,1.0121200820436322,1.0034116755117513,0.9937923789513896,0.9888814976717666,1.0045312942509204,0.9971139971139972,0.9937923789513896,1.0172977128579666,1.005195541280937,1.0039556198745778,1.002381405982092,1.0144606189144896,1.0050046251274876,1.0023528050450312,1.002381405982092,0.995058443409674,1.0066520954100542,1.0073112073112072,DOWN,SJM
72,2018-10-25,0.0,0.9788216840427495,0.0,0.9502957732985406,0.0,0.8730779535021772,0.0,0.5103892126769626,0.0,0.7111968982287324,103.81,104.15,102.54,102.9,102.1313,0.0,0.7165998257513848,2018-10-17,105.19,105.64,103.3734,103.8,103.0246,0.0,0.5960333467879789,0.9997203057989931,1.0127502833396298,0.9907885040530582,0.9993366186504928,0.9997203057989931,0.9934719761260841,1.0030774969691318,1.0102418207681365,1.0001889287738521,1.0174899096674994,1.0202048679635374,1.0180414857694162,1.0001889287738521,1.0130336229693995,1.0121200820436322,1.0034116755117513,0.9937923789513896,0.9888814976717666,1.0045312942509204,0.9971139971139972,0.9937923789513896,1.0172977128579666,1.005195541280937,1.0039556198745778,1.002381405982092,1.0144606189144896,1.0050046251274876,1.0023528050450312,1.002381405982092,0.995058443409674,1.0066520954100542,1.0073112073112072,1.0080660835762876,0.999229361333205,1.0120259241478637,1.011371172225473,1.0080660835762876,1.0120505157620747,1.0040245761097353,1.0002314234470522,DOWN,SJM
73,2018-10-24,0.0,0.9502957732985406,0.0,0.8730779535021772,0.0,0.5103892126769626,0.0,0.7111968982287324,0.0,0.7165998257513848,105.19,105.64,103.3734,103.8,103.0246,0.0,0.5960333467879789,2018-10-16,103.66,105.66,103.34,105.39,104.6027,0.0,0.5171395099598531,1.0001889287738521,1.0174899096674994,1.0202048679635374,1.0180414857694162,1.0001889287738521,1.0130336229693995,1.0121200820436322,1.0034116755117513,0.9937923789513896,0.9888814976717666,1.0045312942509204,0.9971139971139972,0.9937923789513896,1.0172977128579666,1.005195541280937,1.0039556198745778,1.002381405982092,1.0144606189144896,1.0050046251274876,1.0023528050450312,1.002381405982092,0.995058443409674,1.0066520954100542,1.0073112073112072,1.0080660835762876,0.999229361333205,1.0120259241478637,1.011371172225473,1.0080660835762876,1.0120505157620747,1.0040245761097353,1.0002314234470522,1.0000963391136801,0.9868808822131382,0.9858954941310111,0.9919379646988491,1.0000963391136801,0.9912339851652057,1.0032752143338792,1.0035108250438853,UP,SJM
74,2018-10-23,0.0,0.8730779535021772,0.0,0.5103892126769626,0.0,0.7111968982287324,0.0,0.7165998257513848,0.0,0.5960333467879789,103.66,105.66,103.34,105.39,104.6027,0.0,0.5171395099598531,2018-10-15,103.02,104.57,102.75,103.93,103.1537,0.0,0.4876974213998865,0.9937923789513896,0.9888814976717666,1.0045312942509204,0.9971139971139972,0.9937923789513896,1.0172977128579666,1.005195541280937,1.0039556198745778,1.002381405982092,1.0144606189144896,1.0050046251274876,1.0023528050450312,1.002381405982092,0.995058443409674,1.0066520954100542,1.0073112073112072,1.0080660835762876,0.999229361333205,1.0120259241478637,1.011371172225473,1.0080660835762876,1.0120505157620747,1.0040245761097353,1.0002314234470522,1.0000963391136801,0.9868808822131382,0.9858954941310111,0.9919379646988491,1.0000963391136801,0.9912339851652057,1.0032752143338792,1.0035108250438853,0.9981022867444729,1.0147597916264712,0.9998107136096915,1.000323204954519,0.9981022867444729,0.9867858161422188,1.004277973191368,1.0041267869684076,DOWN,SJM
75,2018-10-22,0.0,0.5103892126769626,0.0,0.7111968982287324,0.0,0.7165998257513848,0.0,0.5960333467879789,0.0,0.5171395099598531,103.02,104.57,102.75,103.93,103.1537,0.0,0.4876974213998865,2018-10-12,102.23,103.79,101.94,103.16,102.3894,0.0,0.6089800320137745,1.002381405982092,1.0144606189144896,1.0050046251274876,1.0023528050450312,1.002381405982092,0.995058443409674,1.0066520954100542,1.0073112073112072,1.0080660835762876,0.999229361333205,1.0120259241478637,1.011371172225473,1.0080660835762876,1.0120505157620747,1.0040245761097353,1.0002314234470522,1.0000963391136801,0.9868808822131382,0.9858954941310111,0.9919379646988491,1.0000963391136801,0.9912339851652057,1.0032752143338792,1.0035108250438853,0.9981022867444729,1.0147597916264712,0.9998107136096915,1.000323204954519,0.9981022867444729,0.9867858161422188,1.004277973191368,1.0041267869684076,0.9974020975656691,1.0062123859444767,1.0104236396672086,1.005742092457421,0.9974020975656691,1.0166891761528072,1.0025619128949614,1.003096574414554,UP,SJM
76,2018-10-19,0.0,0.7111968982287324,0.0,0.7165998257513848,0.0,0.5960333467879789,0.0,0.5171395099598531,0.0,0.4876974213998865,102.23,103.79,101.94,103.16,102.3894,0.0,0.6089800320137745,2018-10-11,104.0,104.72,101.41,102.17,101.4068,0.0,1.0101717759437898,1.0080660835762876,0.999229361333205,1.0120259241478637,1.011371172225473,1.0080660835762876,1.0120505157620747,1.0040245761097353,1.0002314234470522,1.0000963391136801,0.9868808822131382,0.9858954941310111,0.9919379646988491,1.0000963391136801,0.9912339851652057,1.0032752143338792,1.0035108250438853,0.9981022867444729,1.0147597916264712,0.9998107136096915,1.000323204954519,0.9981022867444729,0.9867858161422188,1.004277973191368,1.0041267869684076,0.9974020975656691,1.0062123859444767,1.0104236396672086,1.005742092457421,0.9974020975656691,1.0166891761528072,1.0025619128949614,1.003096574414554,0.9986428848390849,1.0077276728944535,1.0075151748723383,1.0079458505002943,0.9986428848390849,1.0088332362648031,1.0061579909554506,1.0026277372262773,UP,SJM
77,2018-10-18,0.0,0.7165998257513848,0.0,0.5960333467879789,0.0,0.5171395099598531,0.0,0.4876974213998865,0.0,0.6089800320137745,104.0,104.72,101.41,102.17,101.4068,0.0,1.0101717759437898,2018-10-10,102.13,105.12,102.07,103.54,102.7666,0.0,1.3218126018291718,1.0000963391136801,0.9868808822131382,0.9858954941310111,0.9919379646988491,1.0000963391136801,0.9912339851652057,1.0032752143338792,1.0035108250438853,0.9981022867444729,1.0147597916264712,0.9998107136096915,1.000323204954519,0.9981022867444729,0.9867858161422188,1.004277973191368,1.0041267869684076,0.9974020975656691,1.0062123859444767,1.0104236396672086,1.005742092457421,0.9974020975656691,1.0166891761528072,1.0025619128949614,1.003096574414554,0.9986428848390849,1.0077276728944535,1.0075151748723383,1.0079458505002943,0.9986428848390849,1.0088332362648031,1.0061579909554506,1.0026277372262773,1.000587256533229,0.9829807692307693,0.9911191749427044,1.0052263090425007,1.000587256533229,1.0090971339137238,1.006107018224118,1.0028448106729448,UP,SJM
78,2018-10-17,0.0,0.5960333467879789,0.0,0.5171395099598531,0.0,0.4876974213998865,0.0,0.6089800320137745,0.0,1.0101717759437898,102.13,105.12,102.07,103.54,102.7666,0.0,1.3218126018291718,2018-10-09,104.4,104.91,101.76,101.97,101.2083,0.0,0.9972267717782066,0.9981022867444729,1.0147597916264712,0.9998107136096915,1.000323204954519,0.9981022867444729,0.9867858161422188,1.004277973191368,1.0041267869684076,0.9974020975656691,1.0062123859444767,1.0104236396672086,1.005742092457421,0.9974020975656691,1.0166891761528072,1.0025619128949614,1.003096574414554,0.9986428848390849,1.0077276728944535,1.0075151748723383,1.0079458505002943,0.9986428848390849,1.0088332362648031,1.0061579909554506,1.0026277372262773,1.000587256533229,0.9829807692307693,0.9911191749427044,1.0052263090425007,1.000587256533229,1.0090971339137238,1.006107018224118,1.0028448106729448,1.0044427274483292,1.0183099970625673,0.9961948249619482,0.9935338493190947,1.0044427274483292,0.9824038461538461,1.0069230769230768,1.007494329947737,DOWN,SJM
79,2018-10-16,0.0,0.5171395099598531,0.0,0.4876974213998865,0.0,0.6089800320137745,0.0,1.0101717759437898,0.0,1.3218126018291718,104.4,104.91,101.76,101.97,101.2083,0.0,0.9972267717782066,2018-10-08,102.69,105.25,102.69,104.4,103.6201,0.0,0.8978786348157085,0.9974020975656691,1.0062123859444767,1.0104236396672086,1.005742092457421,0.9974020975656691,1.0166891761528072,1.0025619128949614,1.003096574414554,0.9986428848390849,1.0077276728944535,1.0075151748723383,1.0079458505002943,0.9986428848390849,1.0088332362648031,1.0061579909554506,1.0026277372262773,1.000587256533229,0.9829807692307693,0.9911191749427044,1.0052263090425007,1.000587256533229,1.0090971339137238,1.006107018224118,1.0028448106729448,1.0044427274483292,1.0183099970625673,0.9961948249619482,0.9935338493190947,1.0044427274483292,0.9824038461538461,1.0069230769230768,1.007494329947737,1.0015690889477298,0.9782567049808428,1.0020017157563628,1.0030463836477985,1.0015690889477298,1.0138059336140215,1.0152598029746958,1.0005878318800823,DOWN,SJM
80,2018-10-15,0.0,0.4876974213998865,0.0,0.6089800320137745,0.0,1.0101717759437898,0.0,1.3218126018291718,0.0,0.9972267717782066,102.69,105.25,102.69,104.4,103.6201,0.0,0.8978786348157085,2018-10-05,101.9,104.75,101.6,102.95,102.181,0.0,1.098158467460785,0.9986428848390849,1.0077276728944535,1.0075151748723383,1.0079458505002943,0.9986428848390849,1.0088332362648031,1.0061579909554506,1.0026277372262773,1.000587256533229,0.9829807692307693,0.9911191749427044,1.0052263090425007,1.000587256533229,1.0090971339137238,1.006107018224118,1.0028448106729448,1.0044427274483292,1.0183099970625673,0.9961948249619482,0.9935338493190947,1.0044427274483292,0.9824038461538461,1.0069230769230768,1.007494329947737,1.0015690889477298,0.9782567049808428,1.0020017157563628,1.0030463836477985,1.0015690889477298,1.0138059336140215,1.0152598029746958,1.0005878318800823,1.0,1.016652059596845,0.9967695961995249,0.9909436167104879,1.0,0.9767241379310344,1.0048850574712642,1.002063679245283,DOWN,SJM
81,2018-10-12,0.0,0.6089800320137745,0.0,1.0101717759437898,0.0,1.3218126018291718,0.0,0.9972267717782066,0.0,0.8978786348157085,101.9,104.75,101.6,102.95,102.181,0.0,1.098158467460785,2018-10-04,101.58,102.86,100.9104,101.69,100.9304,0.0,1.160031569638365,1.000587256533229,0.9829807692307693,0.9911191749427044,1.0052263090425007,1.000587256533229,1.0090971339137238,1.006107018224118,1.0028448106729448,1.0044427274483292,1.0183099970625673,0.9961948249619482,0.9935338493190947,1.0044427274483292,0.9824038461538461,1.0069230769230768,1.007494329947737,1.0015690889477298,0.9782567049808428,1.0020017157563628,1.0030463836477985,1.0015690889477298,1.0138059336140215,1.0152598029746958,1.0005878318800823,1.0,1.016652059596845,0.9967695961995249,0.9909436167104879,1.0,0.9767241379310344,1.0048850574712642,1.002063679245283,0.9974745021855269,1.0077526987242393,1.0047732696897376,1.010728346456693,0.9974745021855269,1.016652059596845,1.0081417624521072,1.0,UP,SJM
82,2018-10-11,0.0,1.0101717759437898,0.0,1.3218126018291718,0.0,0.9972267717782066,0.0,0.8978786348157085,0.0,1.098158467460785,101.58,102.86,100.9104,101.69,100.9304,0.0,1.160031569638365,2018-10-03,103.57,104.3546,101.36,101.63,100.8708,0.0,0.8818253503173985,1.0044427274483292,1.0183099970625673,0.9961948249619482,0.9935338493190947,1.0044427274483292,0.9824038461538461,1.0069230769230768,1.007494329947737,1.0015690889477298,0.9782567049808428,1.0020017157563628,1.0030463836477985,1.0015690889477298,1.0138059336140215,1.0152598029746958,1.0005878318800823,1.0,1.016652059596845,0.9967695961995249,0.9909436167104879,1.0,0.9767241379310344,1.0048850574712642,1.002063679245283,0.9974745021855269,1.0077526987242393,1.0047732696897376,1.010728346456693,0.9974745021855269,1.016652059596845,1.0081417624521072,1.0,1.0020650998131577,1.0031502264225243,1.018374489597511,1.006833785219363,1.0020650998131577,1.0103042198233563,1.0174842156386594,1.002952755905512,UP,SJM
83,2018-10-10,0.0,1.3218126018291718,0.0,0.9972267717782066,0.0,0.8978786348157085,0.0,1.098158467460785,0.0,1.160031569638365,103.57,104.3546,101.36,101.63,100.8708,0.0,0.8818253503173985,2018-10-02,102.83,104.08,102.33,103.17,102.3993,0.0,0.6176534621796503,1.0015690889477298,0.9782567049808428,1.0020017157563628,1.0030463836477985,1.0015690889477298,1.0138059336140215,1.0152598029746958,1.0005878318800823,1.0,1.016652059596845,0.9967695961995249,0.9909436167104879,1.0,0.9767241379310344,1.0048850574712642,1.002063679245283,0.9974745021855269,1.0077526987242393,1.0047732696897376,1.010728346456693,0.9974745021855269,1.016652059596845,1.0081417624521072,1.0,1.0020650998131577,1.0031502264225243,1.018374489597511,1.006833785219363,1.0020650998131577,1.0103042198233563,1.0174842156386594,1.002952755905512,0.999508019285644,0.9807859418750604,0.985677679757289,0.9955643251775849,0.999508019285644,1.0010828903327427,1.0115055561018782,1.0066355895923513,UP,SJM
84,2018-10-09,0.0,0.9972267717782066,0.0,0.8978786348157085,0.0,1.098158467460785,0.0,1.160031569638365,0.0,0.8818253503173985,102.83,104.08,102.33,103.17,102.3993,0.0,0.6176534621796503,2018-10-01,103.0,103.74,102.055,102.51,101.7443,0.0,0.6693485853012567,1.0,1.016652059596845,0.9967695961995249,0.9909436167104879,1.0,0.9767241379310344,1.0048850574712642,1.002063679245283,0.9974745021855269,1.0077526987242393,1.0047732696897376,1.010728346456693,0.9974745021855269,1.016652059596845,1.0081417624521072,1.0,1.0020650998131577,1.0031502264225243,1.018374489597511,1.006833785219363,1.0020650998131577,1.0103042198233563,1.0174842156386594,1.002952755905512,0.999508019285644,0.9807859418750604,0.985677679757289,0.9955643251775849,0.999508019285644,1.0010828903327427,1.0115055561018782,1.0066355895923513,1.0038770960550547,1.0071963434795292,1.0026383551114528,0.9905208638717874,1.0038770960550547,0.9812687071545815,1.007575552766245,1.002663772691397,FLAT,SJM
85,2018-10-08,0.0,0.8978786348157085,0.0,1.098158467460785,0.0,1.160031569638365,0.0,0.8818253503173985,0.0,0.6176534621796503,103.0,103.74,102.055,102.51,101.7443,0.0,0.6693485853012567,2018-09-28,102.19,103.005,101.65,102.61,101.8435,0.0,0.9237215734609276,0.9974745021855269,1.0077526987242393,1.0047732696897376,1.010728346456693,0.9974745021855269,1.016652059596845,1.0081417624521072,1.0,1.0020650998131577,1.0031502264225243,1.018374489597511,1.006833785219363,1.0020650998131577,1.0103042198233563,1.0174842156386594,1.002952755905512,0.999508019285644,0.9807859418750604,0.985677679757289,0.9955643251775849,0.999508019285644,1.0010828903327427,1.0115055561018782,1.0066355895923513,1.0038770960550547,1.0071963434795292,1.0026383551114528,0.9905208638717874,1.0038770960550547,0.9812687071545815,1.007575552766245,1.002663772691397,1.0031216466686177,0.9983495145631068,1.003277424330056,1.0026946254470628,1.0031216466686177,1.003306428085189,1.0088203935252495,1.0048861526434085,DOWN,SJM
86,2018-10-05,0.0,1.098158467460785,0.0,1.160031569638365,0.0,0.8818253503173985,0.0,0.6176534621796503,0.0,0.6693485853012567,102.19,103.005,101.65,102.61,101.8435,0.0,0.9237215734609276,2018-09-27,104.5,104.655,102.12,102.37,101.6053,0.0,1.0665974025030887,1.0020650998131577,1.0031502264225243,1.018374489597511,1.006833785219363,1.0020650998131577,1.0103042198233563,1.0174842156386594,1.002952755905512,0.999508019285644,0.9807859418750604,0.985677679757289,0.9955643251775849,0.999508019285644,1.0010828903327427,1.0115055561018782,1.0066355895923513,1.0038770960550547,1.0071963434795292,1.0026383551114528,0.9905208638717874,1.0038770960550547,0.9812687071545815,1.007575552766245,1.002663772691397,1.0031216466686177,0.9983495145631068,1.003277424330056,1.0026946254470628,1.0031216466686177,1.003306428085189,1.0088203935252495,1.0048861526434085,1.0038007991423838,1.007926411586261,1.0071355759429155,1.0039842597147073,1.0038007991423838,0.995242718446602,1.0071844660194174,1.0044583802851403,UP,SJM
87,2018-10-04,0.0,1.160031569638365,0.0,0.8818253503173985,0.0,0.6176534621796503,0.0,0.6693485853012567,0.0,0.9237215734609276,104.5,104.655,102.12,102.37,101.6053,0.0,1.0665974025030887,2018-09-26,106.2,107.73,105.59,105.66,104.8707,0.0,0.923297946287403,0.999508019285644,0.9807859418750604,0.985677679757289,0.9955643251775849,0.999508019285644,1.0010828903327427,1.0115055561018782,1.0066355895923513,1.0038770960550547,1.0071963434795292,1.0026383551114528,0.9905208638717874,1.0038770960550547,0.9812687071545815,1.007575552766245,1.002663772691397,1.0031216466686177,0.9983495145631068,1.003277424330056,1.0026946254470628,1.0031216466686177,1.003306428085189,1.0088203935252495,1.0048861526434085,1.0038007991423838,1.007926411586261,1.0071355759429155,1.0039842597147073,1.0038007991423838,0.995242718446602,1.0071844660194174,1.0044583802851403,0.9982416723649506,0.9778947368421053,0.9842339114232478,0.995397571484528,0.9982416723649506,1.0041099911928761,1.003849527336517,1.0053123462862763,DOWN,SJM
88,2018-10-03,0.0,0.8818253503173985,0.0,0.6176534621796503,0.0,0.6693485853012567,0.0,0.9237215734609276,0.0,1.0665974025030887,106.2,107.73,105.59,105.66,104.8707,0.0,0.923297946287403,2018-09-25,108.85,108.95,107.74,108.37,107.5605,0.0,0.6376698461286924,1.0038770960550547,1.0071963434795292,1.0026383551114528,0.9905208638717874,1.0038770960550547,0.9812687071545815,1.007575552766245,1.002663772691397,1.0031216466686177,0.9983495145631068,1.003277424330056,1.0026946254470628,1.0031216466686177,1.003306428085189,1.0088203935252495,1.0048861526434085,1.0038007991423838,1.007926411586261,1.0071355759429155,1.0039842597147073,1.0038007991423838,0.995242718446602,1.0071844660194174,1.0044583802851403,0.9982416723649506,0.9778947368421053,0.9842339114232478,0.995397571484528,0.9982416723649506,1.0041099911928761,1.003849527336517,1.0053123462862763,0.9890213893621049,0.9839924670433144,0.9714564188248399,0.9671370394923762,0.9890213893621049,0.9796172248803828,1.0014832535885168,1.0024481002741872,UP,SJM
89,2018-10-02,0.0,0.6176534621796503,0.0,0.6693485853012567,0.0,0.9237215734609276,0.0,1.0665974025030887,0.0,0.923297946287403,108.85,108.95,107.74,108.37,107.5605,0.0,0.6376698461286924,2018-09-24,110.02,110.59,108.5,108.7,107.888,0.0,0.5296222225670264,1.0031216466686177,0.9983495145631068,1.003277424330056,1.0026946254470628,1.0031216466686177,1.003306428085189,1.0088203935252495,1.0048861526434085,1.0038007991423838,1.007926411586261,1.0071355759429155,1.0039842597147073,1.0038007991423838,0.995242718446602,1.0071844660194174,1.0044583802851403,0.9982416723649506,0.9778947368421053,0.9842339114232478,0.995397571484528,0.9982416723649506,1.0041099911928761,1.003849527336517,1.0053123462862763,0.9890213893621049,0.9839924670433144,0.9714564188248399,0.9671370394923762,0.9890213893621049,0.9796172248803828,1.0014832535885168,1.0024481002741872,0.9799760081203285,0.975654570509876,0.9888022028453419,0.9800445516985336,0.9799760081203285,0.9949152542372881,1.014406779661017,1.000662941566436,UP,SJM
90,2018-10-01,0.0,0.6693485853012567,0.0,0.9237215734609276,0.0,1.0665974025030887,0.0,0.923297946287403,0.0,0.6376698461286924,110.02,110.59,108.5,108.7,107.888,0.0,0.5296222225670264,2018-09-21,109.76,110.45,109.375,110.16,109.3371,0.0,0.862921828228965,1.0038007991423838,1.007926411586261,1.0071355759429155,1.0039842597147073,1.0038007991423838,0.995242718446602,1.0071844660194174,1.0044583802851403,0.9982416723649506,0.9778947368421053,0.9842339114232478,0.995397571484528,0.9982416723649506,1.0041099911928761,1.003849527336517,1.0053123462862763,0.9890213893621049,0.9839924670433144,0.9714564188248399,0.9671370394923762,0.9890213893621049,0.9796172248803828,1.0014832535885168,1.0024481002741872,0.9799760081203285,0.975654570509876,0.9888022028453419,0.9800445516985336,0.9799760081203285,0.9949152542372881,1.014406779661017,1.000662941566436,1.0013799448022078,0.9893655698963825,0.9851704494077222,0.9929953917050691,1.0013799448022078,0.9955902618282041,1.0009186954524576,1.0058474104325228,UP,SJM
91,2018-09-28,0.0,0.9237215734609276,0.0,1.0665974025030887,0.0,0.923297946287403,0.0,0.6376698461286924,0.0,0.5296222225670264,109.76,110.45,109.375,110.16,109.3371,0.0,0.862921828228965,2018-09-20,109.19,110.4,108.58,109.65,108.8309,0.0,0.7751343423471391,0.9982416723649506,0.9778947368421053,0.9842339114232478,0.995397571484528,0.9982416723649506,1.0041099911928761,1.003849527336517,1.0053123462862763,0.9890213893621049,0.9839924670433144,0.9714564188248399,0.9671370394923762,0.9890213893621049,0.9796172248803828,1.0014832535885168,1.0024481002741872,0.9799760081203285,0.975654570509876,0.9888022028453419,0.9800445516985336,0.9799760081203285,0.9949152542372881,1.014406779661017,1.000662941566436,1.0013799448022078,0.9893655698963825,0.9851704494077222,0.9929953917050691,1.0013799448022078,0.9955902618282041,1.0009186954524576,1.0058474104325228,0.9987291212781408,1.002368804664723,1.0012675418741512,0.992,0.9987291212781408,0.9880021814215598,1.0051808762043266,1.0018433179723503,DOWN,SJM
92,2018-09-27,0.0,1.0665974025030887,0.0,0.923297946287403,0.0,0.6376698461286924,0.0,0.5296222225670264,0.0,0.862921828228965,109.19,110.4,108.58,109.65,108.8309,0.0,0.7751343423471391,2018-09-19,110.84,111.51,108.97,109.17,108.3545,0.0,0.5539900308758648,0.9890213893621049,0.9839924670433144,0.9714564188248399,0.9671370394923762,0.9890213893621049,0.9796172248803828,1.0014832535885168,1.0024481002741872,0.9799760081203285,0.975654570509876,0.9888022028453419,0.9800445516985336,0.9799760081203285,0.9949152542372881,1.014406779661017,1.000662941566436,1.0013799448022078,0.9893655698963825,0.9851704494077222,0.9929953917050691,1.0013799448022078,0.9955902618282041,1.0009186954524576,1.0058474104325228,0.9987291212781408,1.002368804664723,1.0012675418741512,0.992,0.9987291212781408,0.9880021814215598,1.0051808762043266,1.0018433179723503,1.0010031919744642,1.005220258265409,1.0004528985507246,1.0073217903849696,1.0010031919744642,1.0036443148688046,1.0026325344952796,1.00352,DOWN,SJM
93,2018-09-26,0.0,0.923297946287403,0.0,0.6376698461286924,0.0,0.5296222225670264,0.0,0.862921828228965,0.0,0.7751343423471391,110.84,111.51,108.97,109.17,108.3545,0.0,0.5539900308758648,2018-09-18,111.24,111.24,108.5,110.47,109.6448,0.0,0.9614765047712104,0.9799760081203285,0.975654570509876,0.9888022028453419,0.9800445516985336,0.9799760081203285,0.9949152542372881,1.014406779661017,1.000662941566436,1.0013799448022078,0.9893655698963825,0.9851704494077222,0.9929953917050691,1.0013799448022078,0.9955902618282041,1.0009186954524576,1.0058474104325228,0.9987291212781408,1.002368804664723,1.0012675418741512,0.992,0.9987291212781408,0.9880021814215598,1.0051808762043266,1.0018433179723503,1.0010031919744642,1.005220258265409,1.0004528985507246,1.0073217903849696,1.0010031919744642,1.0036443148688046,1.0026325344952796,1.00352,1.0001832005129614,0.9851136773727895,0.9900457358084477,0.9964210333119207,1.0001832005129614,1.0042128400036634,1.0068399452804377,1.0056179775280898,DOWN,SJM
94,2018-09-25,0.0,0.6376698461286924,0.0,0.5296222225670264,0.0,0.862921828228965,0.0,0.7751343423471391,0.0,0.5539900308758648,111.24,111.24,108.5,110.47,109.6448,0.0,0.9614765047712104,,,,,,,,,1.0013799448022078,0.9893655698963825,0.9851704494077222,0.9929953917050691,1.0013799448022078,0.9955902618282041,1.0009186954524576,1.0058474104325228,0.9987291212781408,1.002368804664723,1.0012675418741512,0.992,0.9987291212781408,0.9880021814215598,1.0051808762043266,1.0018433179723503,1.0010031919744642,1.005220258265409,1.0004528985507246,1.0073217903849696,1.0010031919744642,1.0036443148688046,1.0026325344952796,1.00352,1.0001832005129614,0.9851136773727895,0.9900457358084477,0.9964210333119207,1.0001832005129614,1.0042128400036634,1.0068399452804377,1.0056179775280898,1.0033493256087627,0.9964041711614527,1.0024271844660195,1.004331797235023,1.0033493256087627,0.9849332370985203,1.0060447491880187,1.0018353675323484,UP,SJM
95,2018-09-24,0.0,0.5296222225670264,0.0,0.862921828228965,0.0,0.7751343423471391,0.0,0.5539900308758648,0.0,0.9614765047712104,,,,,,,,,,,,,,,,0.9987291212781408,1.002368804664723,1.0012675418741512,0.992,0.9987291212781408,0.9880021814215598,1.0051808762043266,1.0018433179723503,1.0010031919744642,1.005220258265409,1.0004528985507246,1.0073217903849696,1.0010031919744642,1.0036443148688046,1.0026325344952796,1.00352,1.0001832005129614,0.9851136773727895,0.9900457358084477,0.9964210333119207,1.0001832005129614,1.0042128400036634,1.0068399452804377,1.0056179775280898,1.0033493256087627,0.9964041711614527,1.0024271844660195,1.004331797235023,1.0033493256087627,0.9849332370985203,1.0060447491880187,1.0018353675323484,,,,,,0.9930780294857965,1.0,1.0181566820276498,DOWN,SJM
96,2018-09-21,0.0,0.862921828228965,0.0,0.7751343423471391,0.0,0.5539900308758648,0.0,0.9614765047712104,,,,,,,,,,,,,,,,,,1.0010031919744642,1.005220258265409,1.0004528985507246,1.0073217903849696,1.0010031919744642,1.0036443148688046,1.0026325344952796,1.00352,1.0001832005129614,0.9851136773727895,0.9900457358084477,0.9964210333119207,1.0001832005129614,1.0042128400036634,1.0068399452804377,1.0056179775280898,1.0033493256087627,0.9964041711614527,1.0024271844660195,1.004331797235023,1.0033493256087627,0.9849332370985203,1.0060447491880187,1.0018353675323484,,,,,,0.9930780294857965,1.0,1.0181566820276498,,,,,,,0.0,0.0,UP,SJM
97,2018-09-20,0.0,0.7751343423471391,0.0,0.5539900308758648,0.0,0.9614765047712104,,,,,,,,,,,,,,,,,,,,1.0001832005129614,0.9851136773727895,0.9900457358084477,0.9964210333119207,1.0001832005129614,1.0042128400036634,1.0068399452804377,1.0056179775280898,1.0033493256087627,0.9964041711614527,1.0024271844660195,1.004331797235023,1.0033493256087627,0.9849332370985203,1.0060447491880187,1.0018353675323484,,,,,,0.9930780294857965,1.0,1.0181566820276498,,,,,,,0.0,0.0,,,,,,,0.0,0.0,UP,SJM
98,2018-09-19,0.0,0.5539900308758648,0.0,0.9614765047712104,,,,,,,,,,,,,,,,,,,,,,1.0033493256087627,0.9964041711614527,1.0024271844660195,1.004331797235023,1.0033493256087627,0.9849332370985203,1.0060447491880187,1.0018353675323484,,,,,,0.9930780294857965,1.0,1.0181566820276498,,,,,,,0.0,0.0,,,,,,,0.0,0.0,,,,,,,0.0,0.0,UP,SJM
99,2018-09-18,0.0,0.9614765047712104,,,,,,,,,,,,,,,,,,,,,,,,,,,,,0.9930780294857965,1.0,1.0181566820276498,,,,,,,0.0,0.0,,,,,,,0.0,0.0,,,,,,,0.0,0.0,,,,,,,0.0,0.0,FLAT,SJM
